74.000000  162.000000  -0.192809  -3.505480  
74.000000  167.000000  -0.191198  -3.405100  
74.000000  172.000000  -0.190536  -3.305780  
74.000000  177.000000  -0.188516  -3.205450  
74.000000  182.000000  -0.186369  -3.105460  
74.000000  187.000000  -0.185848  -3.004460  
74.000000  192.000000  -0.184162  -2.905990  
74.000000  197.000000  -0.183306  -2.805530  
74.000000  202.000000  -0.182821  -2.705660  
74.000000  207.000000  -0.181408  -2.605710  
74.000000  212.000000  -0.179495  -2.505720  
74.000000  217.000000  -0.178894  -2.405360  
74.000000  222.000000  -0.178545  -2.306130  
74.000000  227.000000  -0.177199  -2.207080  
74.000000  232.000000  -0.176643  -2.106480  
74.000000  237.000000  -0.174981  -2.007670  
74.000000  242.000000  -0.173700  -1.907060  
74.000000  247.000000  -0.172187  -1.806290  
74.000000  252.000000  -0.169606  -1.707270  
74.000000  257.000000  -0.169102  -1.606810  
74.000000  262.000000  -0.167363  -1.505910  
74.000000  267.000000  -0.167294  -1.406530  
74.000000  272.000000  -0.165293  -1.306890  
74.000000  277.000000  -0.165181  -1.205720  
74.000000  282.000000  -0.163477  -1.106050  
74.000000  287.000000  -0.161855  -1.006430  
74.000000  292.000000  -0.160249  -0.906667  
74.000000  297.000000  -0.159645  -0.805877  
74.000000  302.000000  -0.158450  -0.706137  
74.000000  307.000000  -0.157019  -0.605973  
74.000000  312.000000  -0.155999  -0.505546  
74.000000  317.000000  -0.154129  -0.404612  
74.000000  322.000000  -0.152331  -0.305331  
74.000000  327.000000  -0.151274  -0.205227  
74.000000  332.000000  -0.150192  -0.105554  
74.000000  337.000000  -0.149092  -0.005757  
74.000000  342.000000  -0.148796  0.094203  
74.000000  347.000000  -0.147313  0.193202  
74.000000  352.000000  -0.146225  0.294049  
74.000000  357.000000  -0.144609  0.394249  
74.000000  362.000000  -0.143130  0.494102  
74.000000  367.000000  -0.141260  0.593900  
74.000000  372.000000  -0.141039  0.694962  
74.000000  377.000000  -0.139476  0.793935  
74.000000  382.000000  -0.137758  0.894125  
74.000000  387.000000  -0.137047  0.994233  
74.000000  392.000000  -0.135752  1.093960  
74.000000  397.000000  -0.134614  1.193210  
74.000000  402.000000  -0.132965  1.294790  
74.000000  407.000000  -0.131354  1.393990  
74.000000  412.000000  -0.129943  1.494520  
74.000000  417.000000  -0.128958  1.593970  
74.000000  422.000000  -0.127321  1.694240  
74.000000  427.000000  -0.125862  1.792940  
74.000000  432.000000  -0.125359  1.894630  
74.000000  437.000000  -0.123673  1.994010  
74.000000  442.000000  -0.122468  2.094830  
74.000000  447.000000  -0.121680  2.195030  
74.000000  452.000000  -0.121001  2.295230  
74.000000  457.000000  -0.119517  2.394810  
74.000000  462.000000  -0.118194  2.493720  
74.000000  467.000000  -0.116288  2.593910  
74.000000  472.000000  -0.114232  2.693880  
74.000000  477.000000  -0.112694  2.793870  
74.000000  482.000000  -0.112135  2.893990  
74.000000  487.000000  -0.111307  2.995300  
74.000000  492.000000  -0.110242  3.095860  
74.000000  497.000000  -0.109164  3.195150  
74.000000  502.000000  -0.108470  3.295510  
74.000000  507.000000  -0.107334  3.395430  
74.000000  512.000000  -0.105763  3.495260  
74.000000  517.000000  -0.105026  3.593850  
74.000000  522.000000  -0.103478  3.693740  
74.000000  527.000000  -0.101927  3.792850  
74.000000  532.000000  -0.099716  3.893160  
74.000000  537.000000  -0.099551  3.993240  
74.000000  542.000000  -0.098015  4.094570  
74.000000  547.000000  -0.097632  4.195680  
74.000000  552.000000  -0.096389  4.295030  
74.000000  557.000000  -0.096636  4.394580  
74.000000  562.000000  -0.094460  4.495440  
74.000000  567.000000  -0.093096  4.594680  
74.000000  572.000000  -0.091106  4.693860  
74.000000  577.000000  -0.090337  4.794100  
74.000000  582.000000  -0.088937  4.894360  
74.000000  587.000000  -0.087605  4.992750  
74.000000  592.000000  -0.086338  5.093630  
74.000000  597.000000  -0.085128  5.195210  
74.000000  602.000000  -0.084533  5.295160  
74.000000  607.000000  -0.081741  5.394790  
79.000000  162.000000  -0.222679  -3.504580  
79.000000  167.000000  -0.220351  -3.404350  
79.000000  172.000000  -0.219990  -3.305110  
79.000000  177.000000  -0.217834  -3.204920  
79.000000  182.000000  -0.216141  -3.105480  
79.000000  187.000000  -0.215713  -3.004510  
79.000000  192.000000  -0.213294  -2.905720  
79.000000  197.000000  -0.212934  -2.804870  
79.000000  202.000000  -0.212988  -2.704830  
79.000000  207.000000  -0.211684  -2.604430  
79.000000  212.000000  -0.210432  -2.504670  
79.000000  217.000000  -0.209939  -2.404650  
79.000000  222.000000  -0.208764  -2.305460  
79.000000  227.000000  -0.207631  -2.206570  
79.000000  232.000000  -0.205779  -2.105830  
79.000000  237.000000  -0.203490  -2.006300  
79.000000  242.000000  -0.201977  -1.905360  
79.000000  247.000000  -0.201262  -1.804720  
79.000000  252.000000  -0.198837  -1.707140  
79.000000  257.000000  -0.198169  -1.606230  
79.000000  262.000000  -0.198051  -1.505880  
79.000000  267.000000  -0.197393  -1.406070  
79.000000  272.000000  -0.194928  -1.306450  
79.000000  277.000000  -0.194599  -1.204390  
79.000000  282.000000  -0.193782  -1.105440  
79.000000  287.000000  -0.191261  -1.005420  
79.000000  292.000000  -0.189859  -0.906195  
79.000000  297.000000  -0.189350  -0.805244  
79.000000  302.000000  -0.187893  -0.705477  
79.000000  307.000000  -0.186174  -0.604889  
79.000000  312.000000  -0.185446  -0.504172  
79.000000  317.000000  -0.184260  -0.403581  
79.000000  322.000000  -0.182518  -0.304254  
79.000000  327.000000  -0.181756  -0.204184  
79.000000  332.000000  -0.180846  -0.105313  
79.000000  337.000000  -0.179446  -0.005526  
79.000000  342.000000  -0.178477  0.094142  
79.000000  347.000000  -0.176968  0.194207  
79.000000  352.000000  -0.175411  0.295134  
79.000000  357.000000  -0.173927  0.395274  
79.000000  362.000000  -0.172901  0.494751  
79.000000  367.000000  -0.171230  0.595412  
79.000000  372.000000  -0.170641  0.695339  
79.000000  377.000000  -0.169363  0.794812  
79.000000  382.000000  -0.167764  0.895517  
79.000000  387.000000  -0.167331  0.995617  
79.000000  392.000000  -0.166083  1.094910  
79.000000  397.000000  -0.164814  1.194180  
79.000000  402.000000  -0.163891  1.295620  
79.000000  407.000000  -0.162512  1.394260  
79.000000  412.000000  -0.160707  1.494780  
79.000000  417.000000  -0.159263  1.595210  
79.000000  422.000000  -0.157900  1.695860  
79.000000  427.000000  -0.155807  1.794160  
79.000000  432.000000  -0.155091  1.896050  
79.000000  437.000000  -0.153273  1.994490  
79.000000  442.000000  -0.152130  2.094730  
79.000000  447.000000  -0.151459  2.194620  
79.000000  452.000000  -0.150936  2.294930  
79.000000  457.000000  -0.149500  2.394580  
79.000000  462.000000  -0.148705  2.494180  
79.000000  467.000000  -0.147012  2.594230  
79.000000  472.000000  -0.145367  2.693980  
79.000000  477.000000  -0.143868  2.793830  
79.000000  482.000000  -0.143118  2.893800  
79.000000  487.000000  -0.142218  2.995300  
79.000000  492.000000  -0.140822  3.096500  
79.000000  497.000000  -0.139323  3.196640  
79.000000  502.000000  -0.137928  3.296800  
79.000000  507.000000  -0.136594  3.396910  
79.000000  512.000000  -0.135352  3.496490  
79.000000  517.000000  -0.134710  3.595290  
79.000000  522.000000  -0.133041  3.694480  
79.000000  527.000000  -0.132106  3.794740  
79.000000  532.000000  -0.130115  3.894970  
79.000000  537.000000  -0.129439  3.994760  
79.000000  542.000000  -0.128346  4.095110  
79.000000  547.000000  -0.127656  4.195910  
79.000000  552.000000  -0.125841  4.295670  
79.000000  557.000000  -0.126406  4.395010  
79.000000  562.000000  -0.124230  4.495740  
79.000000  567.000000  -0.122559  4.595280  
79.000000  572.000000  -0.121121  4.695130  
79.000000  577.000000  -0.120845  4.795730  
79.000000  582.000000  -0.118533  4.896030  
79.000000  587.000000  -0.117110  4.994270  
79.000000  592.000000  -0.116114  5.094940  
79.000000  597.000000  -0.114360  5.196040  
79.000000  602.000000  -0.113835  5.295460  
79.000000  607.000000  -0.112069  5.395150  
84.000000  162.000000  -0.252135  -3.505500  
84.000000  167.000000  -0.249651  -3.405600  
84.000000  172.000000  -0.248258  -3.305440  
84.000000  177.000000  -0.247095  -3.204790  
84.000000  182.000000  -0.245674  -3.104360  
84.000000  187.000000  -0.244724  -3.003770  
84.000000  192.000000  -0.242976  -2.905390  
84.000000  197.000000  -0.242812  -2.804260  
84.000000  202.000000  -0.242447  -2.704310  
84.000000  207.000000  -0.241219  -2.604690  
84.000000  212.000000  -0.240285  -2.504880  
84.000000  217.000000  -0.239961  -2.404380  
84.000000  222.000000  -0.238442  -2.305480  
84.000000  227.000000  -0.237144  -2.206580  
84.000000  232.000000  -0.234636  -2.105670  
84.000000  237.000000  -0.232803  -2.005830  
84.000000  242.000000  -0.231579  -1.905160  
84.000000  247.000000  -0.231050  -1.805860  
84.000000  252.000000  -0.228084  -1.707100  
84.000000  257.000000  -0.228765  -1.606330  
84.000000  262.000000  -0.227812  -1.506220  
84.000000  267.000000  -0.226888  -1.405890  
84.000000  272.000000  -0.224609  -1.305360  
84.000000  277.000000  -0.224152  -1.203280  
84.000000  282.000000  -0.221986  -1.104610  
84.000000  287.000000  -0.220837  -1.004870  
84.000000  292.000000  -0.219090  -0.904699  
84.000000  297.000000  -0.218877  -0.804408  
84.000000  302.000000  -0.218007  -0.704379  
84.000000  307.000000  -0.216394  -0.603699  
84.000000  312.000000  -0.215477  -0.503337  
84.000000  317.000000  -0.213945  -0.403372  
84.000000  322.000000  -0.212009  -0.303510  
84.000000  327.000000  -0.210622  -0.204057  
84.000000  332.000000  -0.209958  -0.104557  
84.000000  337.000000  -0.208851  -0.004496  
84.000000  342.000000  -0.208127  0.095624  
84.000000  347.000000  -0.207000  0.195139  
84.000000  352.000000  -0.205669  0.295717  
84.000000  357.000000  -0.204202  0.396097  
84.000000  362.000000  -0.202724  0.495871  
84.000000  367.000000  -0.201135  0.596015  
84.000000  372.000000  -0.200120  0.696016  
84.000000  377.000000  -0.199296  0.795058  
84.000000  382.000000  -0.197304  0.894962  
84.000000  387.000000  -0.197376  0.995624  
84.000000  392.000000  -0.195619  1.095020  
84.000000  397.000000  -0.194912  1.195060  
84.000000  402.000000  -0.193632  1.295760  
84.000000  407.000000  -0.193252  1.395270  
84.000000  412.000000  -0.190897  1.495760  
84.000000  417.000000  -0.189822  1.595920  
84.000000  422.000000  -0.187988  1.696090  
84.000000  427.000000  -0.186519  1.794910  
84.000000  432.000000  -0.184422  1.896440  
84.000000  437.000000  -0.182677  1.994710  
84.000000  442.000000  -0.181289  2.095620  
84.000000  447.000000  -0.180822  2.195860  
84.000000  452.000000  -0.179999  2.295480  
84.000000  457.000000  -0.179508  2.395350  
84.000000  462.000000  -0.178933  2.496100  
84.000000  467.000000  -0.177891  2.596240  
84.000000  472.000000  -0.175391  2.695420  
84.000000  477.000000  -0.173947  2.796380  
84.000000  482.000000  -0.172046  2.896260  
84.000000  487.000000  -0.171201  2.996410  
84.000000  492.000000  -0.169522  3.096880  
84.000000  497.000000  -0.168588  3.197270  
84.000000  502.000000  -0.167356  3.297480  
84.000000  507.000000  -0.166179  3.397430  
84.000000  512.000000  -0.164700  3.497350  
84.000000  517.000000  -0.164145  3.596410  
84.000000  522.000000  -0.162661  3.695770  
84.000000  527.000000  -0.161894  3.795880  
84.000000  532.000000  -0.160430  3.895680  
84.000000  537.000000  -0.159952  3.995510  
84.000000  542.000000  -0.158569  4.096170  
84.000000  547.000000  -0.158123  4.196440  
84.000000  552.000000  -0.155947  4.296320  
84.000000  557.000000  -0.155699  4.395450  
84.000000  562.000000  -0.153818  4.496350  
84.000000  567.000000  -0.152584  4.595640  
84.000000  572.000000  -0.151362  4.695470  
84.000000  577.000000  -0.150429  4.795880  
84.000000  582.000000  -0.148413  4.896430  
84.000000  587.000000  -0.146940  4.995080  
84.000000  592.000000  -0.145596  5.095660  
84.000000  597.000000  -0.143659  5.197410  
84.000000  602.000000  -0.143652  5.296390  
84.000000  607.000000  -0.142125  5.396640  
89.000000  162.000000  -0.282048  -3.505190  
89.000000  167.000000  -0.280092  -3.404610  
89.000000  172.000000  -0.278827  -3.304020  
89.000000  177.000000  -0.278034  -3.203190  
89.000000  182.000000  -0.277118  -3.102980  
89.000000  187.000000  -0.275098  -3.002450  
89.000000  192.000000  -0.272751  -2.904000  
89.000000  197.000000  -0.272606  -2.803350  
89.000000  202.000000  -0.272491  -2.703320  
89.000000  207.000000  -0.270461  -2.604000  
89.000000  212.000000  -0.269888  -2.502520  
89.000000  217.000000  -0.269111  -2.402240  
89.000000  222.000000  -0.268265  -2.303060  
89.000000  227.000000  -0.266995  -2.204360  
89.000000  232.000000  -0.265598  -2.103150  
89.000000  237.000000  -0.264343  -2.004420  
89.000000  242.000000  -0.262210  -1.903590  
89.000000  247.000000  -0.261537  -1.803960  
89.000000  252.000000  -0.259172  -1.705290  
89.000000  257.000000  -0.258738  -1.604480  
89.000000  262.000000  -0.258460  -1.504840  
89.000000  267.000000  -0.257826  -1.404630  
89.000000  272.000000  -0.255061  -1.304350  
89.000000  277.000000  -0.253923  -1.202590  
89.000000  282.000000  -0.251863  -1.103540  
89.000000  287.000000  -0.250095  -1.003850  
89.000000  292.000000  -0.249591  -0.903262  
89.000000  297.000000  -0.249174  -0.803297  
89.000000  302.000000  -0.248634  -0.702892  
89.000000  307.000000  -0.247328  -0.602836  
89.000000  312.000000  -0.246333  -0.502851  
89.000000  317.000000  -0.244304  -0.403671  
89.000000  322.000000  -0.242333  -0.303489  
89.000000  327.000000  -0.240199  -0.204606  
89.000000  332.000000  -0.240285  -0.104569  
89.000000  337.000000  -0.238782  -0.003726  
89.000000  342.000000  -0.238202  0.096418  
89.000000  347.000000  -0.237603  0.196748  
89.000000  352.000000  -0.235940  0.296865  
89.000000  357.000000  -0.233121  0.396555  
89.000000  362.000000  -0.232067  0.496073  
89.000000  367.000000  -0.230358  0.596007  
89.000000  372.000000  -0.228507  0.695803  
89.000000  377.000000  -0.227984  0.795795  
89.000000  382.000000  -0.226218  0.896326  
89.000000  387.000000  -0.225356  0.996707  
89.000000  392.000000  -0.223972  1.096670  
89.000000  397.000000  -0.223249  1.196090  
89.000000  402.000000  -0.222586  1.296850  
89.000000  407.000000  -0.221424  1.396050  
89.000000  412.000000  -0.220250  1.496140  
89.000000  417.000000  -0.219311  1.596140  
89.000000  422.000000  -0.217661  1.696530  
89.000000  427.000000  -0.215783  1.794800  
89.000000  432.000000  -0.214335  1.896280  
89.000000  437.000000  -0.212311  1.995620  
89.000000  442.000000  -0.211132  2.096120  
89.000000  447.000000  -0.210413  2.196580  
89.000000  452.000000  -0.209263  2.296020  
89.000000  457.000000  -0.209074  2.396160  
89.000000  462.000000  -0.207789  2.496860  
89.000000  467.000000  -0.206235  2.596880  
89.000000  472.000000  -0.204854  2.695940  
89.000000  477.000000  -0.203454  2.797020  
89.000000  482.000000  -0.201415  2.896670  
89.000000  487.000000  -0.200502  2.996700  
89.000000  492.000000  -0.199308  3.096930  
89.000000  497.000000  -0.198386  3.197810  
89.000000  502.000000  -0.196916  3.297990  
89.000000  507.000000  -0.195545  3.397990  
89.000000  512.000000  -0.194698  3.497300  
89.000000  517.000000  -0.193600  3.596960  
89.000000  522.000000  -0.192269  3.696060  
89.000000  527.000000  -0.192018  3.795750  
89.000000  532.000000  -0.191041  3.896440  
89.000000  537.000000  -0.189845  3.996520  
89.000000  542.000000  -0.188427  4.095580  
89.000000  547.000000  -0.187446  4.196930  
89.000000  552.000000  -0.185538  4.297180  
89.000000  557.000000  -0.185020  4.397020  
89.000000  562.000000  -0.184067  4.496810  
89.000000  567.000000  -0.183271  4.595860  
89.000000  572.000000  -0.181949  4.695650  
89.000000  577.000000  -0.180805  4.796060  
89.000000  582.000000  -0.178701  4.896350  
89.000000  587.000000  -0.177377  4.996120  
89.000000  592.000000  -0.176196  5.096930  
89.000000  597.000000  -0.174710  5.197680  
89.000000  602.000000  -0.175256  5.296350  
89.000000  607.000000  -0.173907  5.396270  
94.000000  162.000000  -0.313401  -3.503730  
94.000000  167.000000  -0.311874  -3.403040  
94.000000  172.000000  -0.309954  -3.302310  
94.000000  177.000000  -0.308512  -3.203480  
94.000000  182.000000  -0.306991  -3.102050  
94.000000  187.000000  -0.305500  -3.002380  
94.000000  192.000000  -0.303765  -2.903790  
94.000000  197.000000  -0.303132  -2.803090  
94.000000  202.000000  -0.302589  -2.702400  
94.000000  207.000000  -0.300351  -2.603600  
94.000000  212.000000  -0.299913  -2.502370  
94.000000  217.000000  -0.299328  -2.401900  
94.000000  222.000000  -0.298479  -2.302510  
94.000000  227.000000  -0.296741  -2.203200  
94.000000  232.000000  -0.295470  -2.102300  
94.000000  237.000000  -0.293674  -2.002910  
94.000000  242.000000  -0.291339  -1.902640  
94.000000  247.000000  -0.289793  -1.803100  
94.000000  252.000000  -0.288180  -1.704130  
94.000000  257.000000  -0.287750  -1.603580  
94.000000  262.000000  -0.286249  -1.504050  
94.000000  267.000000  -0.286012  -1.403250  
94.000000  272.000000  -0.284508  -1.303260  
94.000000  277.000000  -0.283351  -1.202730  
94.000000  282.000000  -0.281847  -1.103660  
94.000000  287.000000  -0.280999  -1.004350  
94.000000  292.000000  -0.278844  -0.903126  
94.000000  297.000000  -0.278424  -0.803340  
94.000000  302.000000  -0.277720  -0.702893  
94.000000  307.000000  -0.275778  -0.602295  
94.000000  312.000000  -0.274460  -0.502155  
94.000000  317.000000  -0.273226  -0.403372  
94.000000  322.000000  -0.271086  -0.302624  
94.000000  327.000000  -0.269568  -0.204031  
94.000000  332.000000  -0.269798  -0.104103  
94.000000  337.000000  -0.268417  -0.003535  
94.000000  342.000000  -0.267729  0.097382  
94.000000  347.000000  -0.266925  0.197906  
94.000000  352.000000  -0.264929  0.297793  
94.000000  357.000000  -0.262530  0.397898  
94.000000  362.000000  -0.261150  0.497998  
94.000000  367.000000  -0.259736  0.597323  
94.000000  372.000000  -0.257882  0.696614  
94.000000  377.000000  -0.257252  0.796852  
94.000000  382.000000  -0.255854  0.896713  
94.000000  387.000000  -0.254311  0.996815  
94.000000  392.000000  -0.252476  1.097960  
94.000000  397.000000  -0.251649  1.197690  
94.000000  402.000000  -0.250624  1.297610  
94.000000  407.000000  -0.249839  1.397300  
94.000000  412.000000  -0.248533  1.497840  
94.000000  417.000000  -0.247486  1.597220  
94.000000  422.000000  -0.245662  1.697380  
94.000000  427.000000  -0.244189  1.796610  
94.000000  432.000000  -0.242354  1.897760  
94.000000  437.000000  -0.241267  1.996770  
94.000000  442.000000  -0.240595  2.097090  
94.000000  447.000000  -0.240449  2.197920  
94.000000  452.000000  -0.238945  2.296110  
94.000000  457.000000  -0.238845  2.396490  
94.000000  462.000000  -0.237243  2.496690  
94.000000  467.000000  -0.235200  2.596550  
94.000000  472.000000  -0.233524  2.695420  
94.000000  477.000000  -0.232453  2.796610  
94.000000  482.000000  -0.230478  2.896310  
94.000000  487.000000  -0.230204  2.996590  
94.000000  492.000000  -0.229002  3.097100  
94.000000  497.000000  -0.228041  3.198250  
94.000000  502.000000  -0.226118  3.298250  
94.000000  507.000000  -0.224831  3.398530  
94.000000  512.000000  -0.224078  3.498180  
94.000000  517.000000  -0.223525  3.597980  
94.000000  522.000000  -0.221670  3.697540  
94.000000  527.000000  -0.220845  3.797400  
94.000000  532.000000  -0.219928  3.898120  
94.000000  537.000000  -0.217772  3.998100  
94.000000  542.000000  -0.217054  4.097230  
94.000000  547.000000  -0.216291  4.197940  
94.000000  552.000000  -0.215627  4.297660  
94.000000  557.000000  -0.214406  4.397450  
94.000000  562.000000  -0.213184  4.496700  
94.000000  567.000000  -0.211730  4.596370  
94.000000  572.000000  -0.210626  4.695780  
94.000000  577.000000  -0.209728  4.796610  
94.000000  582.000000  -0.207878  4.897010  
94.000000  587.000000  -0.206777  4.997470  
94.000000  592.000000  -0.205502  5.097710  
94.000000  597.000000  -0.203887  5.198320  
94.000000  602.000000  -0.202872  5.297050  
94.000000  607.000000  -0.201469  5.397620  
99.000000  162.000000  -0.341644  -3.503080  
99.000000  167.000000  -0.340046  -3.402310  
99.000000  172.000000  -0.338740  -3.302990  
99.000000  177.000000  -0.338051  -3.203550  
99.000000  182.000000  -0.336550  -3.103010  
99.000000  187.000000  -0.335246  -3.002990  
99.000000  192.000000  -0.333303  -2.903870  
99.000000  197.000000  -0.332650  -2.802510  
99.000000  202.000000  -0.332311  -2.703270  
99.000000  207.000000  -0.330750  -2.602580  
99.000000  212.000000  -0.329173  -2.502070  
99.000000  217.000000  -0.328363  -2.401140  
99.000000  222.000000  -0.326591  -2.302070  
99.000000  227.000000  -0.324948  -2.201500  
99.000000  232.000000  -0.325242  -2.101950  
99.000000  237.000000  -0.324783  -2.001580  
99.000000  242.000000  -0.323787  -1.901350  
99.000000  247.000000  -0.323032  -1.801560  
99.000000  252.000000  -0.321015  -1.702580  
99.000000  257.000000  -0.319644  -1.601840  
99.000000  262.000000  -0.318200  -1.502570  
99.000000  267.000000  -0.314986  -1.402020  
99.000000  272.000000  -0.312842  -1.302470  
99.000000  277.000000  -0.311952  -1.201800  
99.000000  282.000000  -0.311098  -1.103070  
99.000000  287.000000  -0.309272  -1.003540  
99.000000  292.000000  -0.308695  -0.902687  
99.000000  297.000000  -0.308634  -0.803365  
99.000000  302.000000  -0.307605  -0.703099  
99.000000  307.000000  -0.305648  -0.602190  
99.000000  312.000000  -0.305017  -0.502546  
99.000000  317.000000  -0.303945  -0.404028  
99.000000  322.000000  -0.302006  -0.302715  
99.000000  327.000000  -0.300330  -0.203447  
99.000000  332.000000  -0.300697  -0.104038  
99.000000  337.000000  -0.298812  -0.002293  
99.000000  342.000000  -0.297209  0.098974  
99.000000  347.000000  -0.295971  0.199498  
99.000000  352.000000  -0.294668  0.300781  
99.000000  357.000000  -0.293128  0.400246  
99.000000  362.000000  -0.292075  0.499517  
99.000000  367.000000  -0.291895  0.598979  
99.000000  372.000000  -0.290502  0.697938  
99.000000  377.000000  -0.289095  0.797375  
99.000000  382.000000  -0.286568  0.897744  
99.000000  387.000000  -0.284763  0.997634  
99.000000  392.000000  -0.282953  1.098860  
99.000000  397.000000  -0.281651  1.198400  
99.000000  402.000000  -0.280291  1.298430  
99.000000  407.000000  -0.280088  1.398120  
99.000000  412.000000  -0.278622  1.497890  
99.000000  417.000000  -0.277655  1.596710  
99.000000  422.000000  -0.276839  1.696950  
99.000000  427.000000  -0.275959  1.796620  
99.000000  432.000000  -0.273863  1.897380  
99.000000  437.000000  -0.272515  1.997240  
99.000000  442.000000  -0.271357  2.097770  
99.000000  447.000000  -0.269912  2.198760  
99.000000  452.000000  -0.267947  2.298090  
99.000000  457.000000  -0.267322  2.397850  
99.000000  462.000000  -0.266359  2.498520  
99.000000  467.000000  -0.264889  2.598090  
99.000000  472.000000  -0.263450  2.697070  
99.000000  477.000000  -0.262795  2.797810  
99.000000  482.000000  -0.260782  2.898060  
99.000000  487.000000  -0.259847  2.997700  
99.000000  492.000000  -0.258480  3.098250  
99.000000  497.000000  -0.257925  3.198860  
99.000000  502.000000  -0.256257  3.298960  
99.000000  507.000000  -0.255197  3.399130  
99.000000  512.000000  -0.254237  3.498780  
99.000000  517.000000  -0.253623  3.598250  
99.000000  522.000000  -0.251553  3.697830  
99.000000  527.000000  -0.250279  3.798280  
99.000000  532.000000  -0.249443  3.898540  
99.000000  537.000000  -0.247799  3.999020  
99.000000  542.000000  -0.246947  4.098700  
99.000000  547.000000  -0.246082  4.199340  
99.000000  552.000000  -0.245779  4.298810  
99.000000  557.000000  -0.244553  4.398850  
99.000000  562.000000  -0.242958  4.497770  
99.000000  567.000000  -0.241984  4.597700  
99.000000  572.000000  -0.239998  4.697010  
99.000000  577.000000  -0.238492  4.797970  
99.000000  582.000000  -0.236413  4.898120  
99.000000  587.000000  -0.235710  4.998820  
99.000000  592.000000  -0.234064  5.098240  
99.000000  597.000000  -0.232848  5.199540  
99.000000  602.000000  -0.231811  5.297390  
99.000000  607.000000  -0.231078  5.397770  
104.000000  162.000000  -0.371145  -3.501960  
104.000000  167.000000  -0.369877  -3.401930  
104.000000  172.000000  -0.367990  -3.301720  
104.000000  177.000000  -0.367325  -3.202090  
104.000000  182.000000  -0.366085  -3.101220  
104.000000  187.000000  -0.364371  -3.001660  
104.000000  192.000000  -0.363186  -2.902780  
104.000000  197.000000  -0.362639  -2.801970  
104.000000  202.000000  -0.361802  -2.703040  
104.000000  207.000000  -0.360474  -2.602300  
104.000000  212.000000  -0.359510  -2.502240  
104.000000  217.000000  -0.358321  -2.400500  
104.000000  222.000000  -0.356196  -2.301160  
104.000000  227.000000  -0.355207  -2.200160  
104.000000  232.000000  -0.352769  -2.101000  
104.000000  237.000000  -0.351601  -2.000710  
104.000000  242.000000  -0.350030  -1.900260  
104.000000  247.000000  -0.349358  -1.801460  
104.000000  252.000000  -0.347007  -1.701260  
104.000000  257.000000  -0.346835  -1.601130  
104.000000  262.000000  -0.345015  -1.501430  
104.000000  267.000000  -0.344043  -1.402070  
104.000000  272.000000  -0.341632  -1.301750  
104.000000  277.000000  -0.341299  -1.201390  
104.000000  282.000000  -0.339822  -1.101680  
104.000000  287.000000  -0.340228  -1.002180  
104.000000  292.000000  -0.338836  -0.900676  
104.000000  297.000000  -0.338455  -0.801821  
104.000000  302.000000  -0.337250  -0.701909  
104.000000  307.000000  -0.335061  -0.601785  
104.000000  312.000000  -0.332702  -0.502066  
104.000000  317.000000  -0.331810  -0.403918  
104.000000  322.000000  -0.330667  -0.302727  
104.000000  327.000000  -0.328330  -0.203094  
104.000000  332.000000  -0.328565  -0.103063  
104.000000  337.000000  -0.327499  -0.002005  
104.000000  342.000000  -0.326991  0.099743  
104.000000  347.000000  -0.326164  0.199685  
104.000000  352.000000  -0.324467  0.299886  
104.000000  357.000000  -0.322305  0.399679  
104.000000  362.000000  -0.321451  0.499898  
104.000000  367.000000  -0.319822  0.598305  
104.000000  372.000000  -0.318205  0.698073  
104.000000  377.000000  -0.317663  0.797825  
104.000000  382.000000  -0.316675  0.897933  
104.000000  387.000000  -0.314941  0.998052  
104.000000  392.000000  -0.313691  1.098790  
104.000000  397.000000  -0.312029  1.198830  
104.000000  402.000000  -0.311413  1.298890  
104.000000  407.000000  -0.310750  1.400140  
104.000000  412.000000  -0.308665  1.499640  
104.000000  417.000000  -0.307969  1.598900  
104.000000  422.000000  -0.306466  1.698540  
104.000000  427.000000  -0.304143  1.798430  
104.000000  432.000000  -0.302683  1.898510  
104.000000  437.000000  -0.301582  1.998750  
104.000000  442.000000  -0.300466  2.098880  
104.000000  447.000000  -0.299676  2.200930  
104.000000  452.000000  -0.298585  2.299750  
104.000000  457.000000  -0.298405  2.398970  
104.000000  462.000000  -0.297690  2.499960  
104.000000  467.000000  -0.296390  2.599940  
104.000000  472.000000  -0.294786  2.698870  
104.000000  477.000000  -0.294275  2.799800  
104.000000  482.000000  -0.292188  2.899650  
104.000000  487.000000  -0.290686  2.999090  
104.000000  492.000000  -0.288978  3.099290  
104.000000  497.000000  -0.288400  3.199520  
104.000000  502.000000  -0.285950  3.299620  
104.000000  507.000000  -0.285034  3.399530  
104.000000  512.000000  -0.284145  3.499040  
104.000000  517.000000  -0.283199  3.598620  
104.000000  522.000000  -0.281408  3.698080  
104.000000  527.000000  -0.279535  3.798170  
104.000000  532.000000  -0.278283  3.899240  
104.000000  537.000000  -0.276817  3.999340  
104.000000  542.000000  -0.275365  4.099290  
104.000000  547.000000  -0.274675  4.200250  
104.000000  552.000000  -0.274599  4.299700  
104.000000  557.000000  -0.273131  4.399140  
104.000000  562.000000  -0.271410  4.498350  
104.000000  567.000000  -0.270877  4.598620  
104.000000  572.000000  -0.268668  4.697260  
104.000000  577.000000  -0.266838  4.797750  
104.000000  582.000000  -0.265643  4.898320  
104.000000  587.000000  -0.265183  4.998770  
104.000000  592.000000  -0.263860  5.098500  
104.000000  597.000000  -0.262765  5.200300  
104.000000  602.000000  -0.262298  5.298890  
104.000000  607.000000  -0.260714  5.399120  
109.000000  162.000000  -0.401440  -3.500550  
109.000000  167.000000  -0.400868  -3.400660  
109.000000  172.000000  -0.399122  -3.300650  
109.000000  177.000000  -0.398763  -3.200940  
109.000000  182.000000  -0.396897  -3.100770  
109.000000  187.000000  -0.394445  -3.001040  
109.000000  192.000000  -0.393449  -2.901720  
109.000000  197.000000  -0.392385  -2.801270  
109.000000  202.000000  -0.392246  -2.702670  
109.000000  207.000000  -0.390173  -2.600630  
109.000000  212.000000  -0.389669  -2.500180  
109.000000  217.000000  -0.388171  -2.398900  
109.000000  222.000000  -0.387499  -2.299190  
109.000000  227.000000  -0.385013  -2.198080  
109.000000  232.000000  -0.384049  -2.099510  
109.000000  237.000000  -0.382867  -1.999430  
109.000000  242.000000  -0.380212  -1.898980  
109.000000  247.000000  -0.378826  -1.799200  
109.000000  252.000000  -0.377102  -1.699280  
109.000000  257.000000  -0.375325  -1.599270  
109.000000  262.000000  -0.374149  -1.499430  
109.000000  267.000000  -0.373607  -1.400060  
109.000000  272.000000  -0.372344  -1.300300  
109.000000  277.000000  -0.371806  -1.199580  
109.000000  282.000000  -0.371701  -1.100590  
109.000000  287.000000  -0.370985  -1.000540  
109.000000  292.000000  -0.369134  -0.900112  
109.000000  297.000000  -0.367295  -0.800733  
109.000000  302.000000  -0.366345  -0.701119  
109.000000  307.000000  -0.364090  -0.600724  
109.000000  312.000000  -0.362486  -0.502229  
109.000000  317.000000  -0.362439  -0.402879  
109.000000  322.000000  -0.361566  -0.301240  
109.000000  327.000000  -0.359591  -0.202258  
109.000000  332.000000  -0.359410  -0.102627  
109.000000  337.000000  -0.357833  -0.001049  
109.000000  342.000000  -0.356260  0.099821  
109.000000  347.000000  -0.355125  0.201089  
109.000000  352.000000  -0.353609  0.302088  
109.000000  357.000000  -0.351265  0.401261  
109.000000  362.000000  -0.350758  0.500688  
109.000000  367.000000  -0.349267  0.599738  
109.000000  372.000000  -0.347923  0.698271  
109.000000  377.000000  -0.347230  0.798199  
109.000000  382.000000  -0.346580  0.899225  
109.000000  387.000000  -0.344937  0.998904  
109.000000  392.000000  -0.344654  1.099500  
109.000000  397.000000  -0.342486  1.199580  
109.000000  402.000000  -0.340360  1.300040  
109.000000  407.000000  -0.338740  1.400610  
109.000000  412.000000  -0.336668  1.500770  
109.000000  417.000000  -0.334876  1.600140  
109.000000  422.000000  -0.333623  1.699840  
109.000000  427.000000  -0.332578  1.799510  
109.000000  432.000000  -0.331774  1.898890  
109.000000  437.000000  -0.331594  1.999980  
109.000000  442.000000  -0.330463  2.100320  
109.000000  447.000000  -0.329373  2.201380  
109.000000  452.000000  -0.328031  2.301050  
109.000000  457.000000  -0.326853  2.400470  
109.000000  462.000000  -0.325008  2.499870  
109.000000  467.000000  -0.323236  2.599970  
109.000000  472.000000  -0.322418  2.699470  
109.000000  477.000000  -0.321783  2.799870  
109.000000  482.000000  -0.320253  2.899780  
109.000000  487.000000  -0.319641  3.000550  
109.000000  492.000000  -0.319725  3.100190  
109.000000  497.000000  -0.319820  3.201440  
109.000000  502.000000  -0.318364  3.300370  
109.000000  507.000000  -0.316848  3.400050  
109.000000  512.000000  -0.315867  3.498650  
109.000000  517.000000  -0.313765  3.598550  
109.000000  522.000000  -0.311091  3.697790  
109.000000  527.000000  -0.309350  3.798370  
109.000000  532.000000  -0.307863  3.899790  
109.000000  537.000000  -0.306100  4.000450  
109.000000  542.000000  -0.304842  4.099710  
109.000000  547.000000  -0.303999  4.201120  
109.000000  552.000000  -0.303283  4.300740  
109.000000  557.000000  -0.302550  4.400290  
109.000000  562.000000  -0.300772  4.499580  
109.000000  567.000000  -0.300300  4.600310  
109.000000  572.000000  -0.299085  4.698990  
109.000000  577.000000  -0.297952  4.799060  
109.000000  582.000000  -0.296892  4.899510  
109.000000  587.000000  -0.296717  4.999440  
109.000000  592.000000  -0.294786  5.098560  
109.000000  597.000000  -0.293274  5.200000  
109.000000  602.000000  -0.292388  5.300010  
109.000000  607.000000  -0.291241  5.399950  
114.000000  162.000000  -0.433154  -3.500210  
114.000000  167.000000  -0.430744  -3.400230  
114.000000  172.000000  -0.429025  -3.300800  
114.000000  177.000000  -0.427688  -3.200960  
114.000000  182.000000  -0.424830  -3.100820  
114.000000  187.000000  -0.422454  -3.000590  
114.000000  192.000000  -0.421923  -2.901180  
114.000000  197.000000  -0.421004  -2.800220  
114.000000  202.000000  -0.419284  -2.702000  
114.000000  207.000000  -0.419252  -2.600100  
114.000000  212.000000  -0.418876  -2.500540  
114.000000  217.000000  -0.416954  -2.399610  
114.000000  222.000000  -0.416270  -2.299810  
114.000000  227.000000  -0.414584  -2.197890  
114.000000  232.000000  -0.411881  -2.099590  
114.000000  237.000000  -0.409998  -1.998540  
114.000000  242.000000  -0.409010  -1.898270  
114.000000  247.000000  -0.407856  -1.798900  
114.000000  252.000000  -0.405343  -1.699000  
114.000000  257.000000  -0.405776  -1.598460  
114.000000  262.000000  -0.403699  -1.498790  
114.000000  267.000000  -0.402921  -1.398730  
114.000000  272.000000  -0.402002  -1.298420  
114.000000  277.000000  -0.402178  -1.198920  
114.000000  282.000000  -0.400976  -1.100430  
114.000000  287.000000  -0.401823  -0.999973  
114.000000  292.000000  -0.400966  -0.899780  
114.000000  297.000000  -0.398497  -0.800838  
114.000000  302.000000  -0.396409  -0.700289  
114.000000  307.000000  -0.392993  -0.599388  
114.000000  312.000000  -0.391515  -0.500437  
114.000000  317.000000  -0.390269  -0.402059  
114.000000  322.000000  -0.388762  -0.300178  
114.000000  327.000000  -0.388384  -0.201368  
114.000000  332.000000  -0.388135  -0.101542  
114.000000  337.000000  -0.387880  -0.000865  
114.000000  342.000000  -0.386431  0.100594  
114.000000  347.000000  -0.384372  0.201829  
114.000000  352.000000  -0.383121  0.302841  
114.000000  357.000000  -0.382271  0.402438  
114.000000  362.000000  -0.380761  0.502309  
114.000000  367.000000  -0.379362  0.601120  
114.000000  372.000000  -0.378927  0.699529  
114.000000  377.000000  -0.377555  0.798828  
114.000000  382.000000  -0.376207  0.899880  
114.000000  387.000000  -0.374753  0.999885  
114.000000  392.000000  -0.373290  1.100110  
114.000000  397.000000  -0.371415  1.201230  
114.000000  402.000000  -0.369199  1.301050  
114.000000  407.000000  -0.369197  1.401790  
114.000000  412.000000  -0.366790  1.501510  
114.000000  417.000000  -0.366247  1.601490  
114.000000  422.000000  -0.364924  1.700240  
114.000000  427.000000  -0.365611  1.800780  
114.000000  432.000000  -0.363830  1.900500  
114.000000  437.000000  -0.363164  2.000580  
114.000000  442.000000  -0.361899  2.100720  
114.000000  447.000000  -0.360992  2.202430  
114.000000  452.000000  -0.358949  2.301430  
114.000000  457.000000  -0.357118  2.400620  
114.000000  462.000000  -0.355684  2.500710  
114.000000  467.000000  -0.354683  2.600550  
114.000000  472.000000  -0.354001  2.700370  
114.000000  477.000000  -0.353422  2.801010  
114.000000  482.000000  -0.352516  2.900590  
114.000000  487.000000  -0.352124  3.001770  
114.000000  492.000000  -0.349438  3.102100  
114.000000  497.000000  -0.347407  3.201590  
114.000000  502.000000  -0.346673  3.301060  
114.000000  507.000000  -0.345014  3.400750  
114.000000  512.000000  -0.342542  3.499400  
114.000000  517.000000  -0.343044  3.599360  
114.000000  522.000000  -0.341326  3.699170  
114.000000  527.000000  -0.338479  3.799840  
114.000000  532.000000  -0.336795  3.901140  
114.000000  537.000000  -0.335331  4.001470  
114.000000  542.000000  -0.333431  4.100860  
114.000000  547.000000  -0.333133  4.201560  
114.000000  552.000000  -0.332302  4.301560  
114.000000  557.000000  -0.331447  4.400890  
114.000000  562.000000  -0.331306  4.501100  
114.000000  567.000000  -0.330650  4.600680  
114.000000  572.000000  -0.328865  4.700290  
114.000000  577.000000  -0.327651  4.799840  
114.000000  582.000000  -0.326714  4.901010  
114.000000  587.000000  -0.325000  5.000410  
114.000000  592.000000  -0.323137  5.100530  
114.000000  597.000000  -0.322117  5.202200  
114.000000  602.000000  -0.320498  5.302080  
114.000000  607.000000  -0.319100  5.400670  
119.000000  162.000000  -0.459803  -3.500000  
119.000000  167.000000  -0.457908  -3.400300  
119.000000  172.000000  -0.456207  -3.301330  
119.000000  177.000000  -0.455528  -3.200550  
119.000000  182.000000  -0.452944  -3.099940  
119.000000  187.000000  -0.451455  -2.998990  
119.000000  192.000000  -0.451412  -2.899300  
119.000000  197.000000  -0.451008  -2.799130  
119.000000  202.000000  -0.450016  -2.700930  
119.000000  207.000000  -0.449761  -2.599460  
119.000000  212.000000  -0.449505  -2.500050  
119.000000  217.000000  -0.447513  -2.399860  
119.000000  222.000000  -0.445567  -2.299320  
119.000000  227.000000  -0.445018  -2.198610  
119.000000  232.000000  -0.442641  -2.099180  
119.000000  237.000000  -0.441292  -1.998340  
119.000000  242.000000  -0.440343  -1.896730  
119.000000  247.000000  -0.439083  -1.796640  
119.000000  252.000000  -0.436544  -1.696910  
119.000000  257.000000  -0.436567  -1.597060  
119.000000  262.000000  -0.434242  -1.497320  
119.000000  267.000000  -0.433117  -1.398520  
119.000000  272.000000  -0.431458  -1.298190  
119.000000  277.000000  -0.431366  -1.198220  
119.000000  282.000000  -0.429167  -1.098960  
119.000000  287.000000  -0.428859  -0.998289  
119.000000  292.000000  -0.428070  -0.897546  
119.000000  297.000000  -0.426684  -0.798420  
119.000000  302.000000  -0.426706  -0.697519  
119.000000  307.000000  -0.425332  -0.597432  
119.000000  312.000000  -0.423992  -0.498450  
119.000000  317.000000  -0.422488  -0.400536  
119.000000  322.000000  -0.421602  -0.299988  
119.000000  327.000000  -0.419144  -0.200840  
119.000000  332.000000  -0.418244  -0.100312  
119.000000  337.000000  -0.416496  0.000953  
119.000000  342.000000  -0.415450  0.101577  
119.000000  347.000000  -0.414281  0.202962  
119.000000  352.000000  -0.413626  0.303167  
119.000000  357.000000  -0.413457  0.402498  
119.000000  362.000000  -0.413580  0.502012  
119.000000  367.000000  -0.411946  0.601653  
119.000000  372.000000  -0.411120  0.700024  
119.000000  377.000000  -0.409328  0.799984  
119.000000  382.000000  -0.406825  0.900951  
119.000000  387.000000  -0.405262  1.000380  
119.000000  392.000000  -0.403808  1.099850  
119.000000  397.000000  -0.401936  1.200550  
119.000000  402.000000  -0.399955  1.300890  
119.000000  407.000000  -0.399033  1.401950  
119.000000  412.000000  -0.397180  1.501030  
119.000000  417.000000  -0.396165  1.601820  
119.000000  422.000000  -0.394981  1.701190  
119.000000  427.000000  -0.395175  1.801570  
119.000000  432.000000  -0.394038  1.900770  
119.000000  437.000000  -0.393018  2.001040  
119.000000  442.000000  -0.391028  2.101520  
119.000000  447.000000  -0.389284  2.202650  
119.000000  452.000000  -0.387626  2.300190  
119.000000  457.000000  -0.385640  2.401030  
119.000000  462.000000  -0.384347  2.501260  
119.000000  467.000000  -0.382834  2.601260  
119.000000  472.000000  -0.382054  2.700880  
119.000000  477.000000  -0.380651  2.802830  
119.000000  482.000000  -0.379680  2.901380  
119.000000  487.000000  -0.378777  3.001860  
119.000000  492.000000  -0.379019  3.102170  
119.000000  497.000000  -0.377365  3.201610  
119.000000  502.000000  -0.377002  3.301230  
119.000000  507.000000  -0.375539  3.401540  
119.000000  512.000000  -0.373690  3.500520  
119.000000  517.000000  -0.373059  3.599480  
119.000000  522.000000  -0.372529  3.699110  
119.000000  527.000000  -0.370985  3.799450  
119.000000  532.000000  -0.370006  3.900300  
119.000000  537.000000  -0.368334  4.001080  
119.000000  542.000000  -0.365380  4.100650  
119.000000  547.000000  -0.363829  4.202010  
119.000000  552.000000  -0.361378  4.301360  
119.000000  557.000000  -0.360597  4.400710  
119.000000  562.000000  -0.358961  4.500850  
119.000000  567.000000  -0.358652  4.601210  
119.000000  572.000000  -0.357092  4.700340  
119.000000  577.000000  -0.356001  4.799820  
119.000000  582.000000  -0.355118  4.900150  
119.000000  587.000000  -0.354480  4.999720  
119.000000  592.000000  -0.352644  5.100010  
119.000000  597.000000  -0.351296  5.201820  
119.000000  602.000000  -0.350629  5.303110  
119.000000  607.000000  -0.349187  5.401980  
124.000000  162.000000  -0.491768  -3.499090  
124.000000  167.000000  -0.490359  -3.398610  
124.000000  172.000000  -0.488826  -3.299160  
124.000000  177.000000  -0.487546  -3.198410  
124.000000  182.000000  -0.485595  -3.097250  
124.000000  187.000000  -0.483521  -2.997700  
124.000000  192.000000  -0.481994  -2.898140  
124.000000  197.000000  -0.481046  -2.797830  
124.000000  202.000000  -0.480294  -2.698120  
124.000000  207.000000  -0.479570  -2.598400  
124.000000  212.000000  -0.479607  -2.498320  
124.000000  217.000000  -0.477211  -2.398430  
124.000000  222.000000  -0.475870  -2.298420  
124.000000  227.000000  -0.474555  -2.199120  
124.000000  232.000000  -0.471342  -2.098340  
124.000000  237.000000  -0.469057  -1.998160  
124.000000  242.000000  -0.466626  -1.897190  
124.000000  247.000000  -0.465545  -1.797220  
124.000000  252.000000  -0.463438  -1.696810  
124.000000  257.000000  -0.464956  -1.596940  
124.000000  262.000000  -0.463410  -1.498020  
124.000000  267.000000  -0.464558  -1.398590  
124.000000  272.000000  -0.462715  -1.298330  
124.000000  277.000000  -0.463172  -1.198620  
124.000000  282.000000  -0.460909  -1.098790  
124.000000  287.000000  -0.461144  -0.997306  
124.000000  292.000000  -0.459815  -0.897057  
124.000000  297.000000  -0.457521  -0.797610  
124.000000  302.000000  -0.455842  -0.695949  
124.000000  307.000000  -0.453699  -0.596006  
124.000000  312.000000  -0.451587  -0.497566  
124.000000  317.000000  -0.450192  -0.399069  
124.000000  322.000000  -0.449068  -0.298894  
124.000000  327.000000  -0.447081  -0.199939  
124.000000  332.000000  -0.446457  -0.099691  
124.000000  337.000000  -0.445407  0.001242  
124.000000  342.000000  -0.444460  0.101056  
124.000000  347.000000  -0.443773  0.201709  
124.000000  352.000000  -0.442257  0.302035  
124.000000  357.000000  -0.440548  0.401448  
124.000000  362.000000  -0.439838  0.501625  
124.000000  367.000000  -0.437589  0.602166  
124.000000  372.000000  -0.436621  0.701187  
124.000000  377.000000  -0.436074  0.801309  
124.000000  382.000000  -0.435636  0.901907  
124.000000  387.000000  -0.434574  1.001640  
124.000000  392.000000  -0.434060  1.100920  
124.000000  397.000000  -0.432317  1.201740  
124.000000  402.000000  -0.431267  1.302160  
124.000000  407.000000  -0.430342  1.403370  
124.000000  412.000000  -0.428626  1.502920  
124.000000  417.000000  -0.427208  1.604010  
124.000000  422.000000  -0.424899  1.703460  
124.000000  427.000000  -0.422809  1.803330  
124.000000  432.000000  -0.421515  1.902510  
124.000000  437.000000  -0.420713  2.002490  
124.000000  442.000000  -0.419929  2.102860  
124.000000  447.000000  -0.420020  2.202890  
124.000000  452.000000  -0.419688  2.300730  
124.000000  457.000000  -0.418646  2.401450  
124.000000  462.000000  -0.417099  2.500970  
124.000000  467.000000  -0.414789  2.600870  
124.000000  472.000000  -0.412834  2.700770  
124.000000  477.000000  -0.411756  2.802890  
124.000000  482.000000  -0.411055  2.901540  
124.000000  487.000000  -0.409447  3.003390  
124.000000  492.000000  -0.409270  3.103590  
124.000000  497.000000  -0.407515  3.202150  
124.000000  502.000000  -0.404935  3.301890  
124.000000  507.000000  -0.403185  3.402220  
124.000000  512.000000  -0.402236  3.500200  
124.000000  517.000000  -0.401475  3.600450  
124.000000  522.000000  -0.400560  3.700490  
124.000000  527.000000  -0.400545  3.800540  
124.000000  532.000000  -0.399058  3.901680  
124.000000  537.000000  -0.397130  4.002400  
124.000000  542.000000  -0.394251  4.100910  
124.000000  547.000000  -0.392963  4.201850  
124.000000  552.000000  -0.390232  4.302670  
124.000000  557.000000  -0.389401  4.401660  
124.000000  562.000000  -0.387191  4.501850  
124.000000  567.000000  -0.386526  4.602030  
124.000000  572.000000  -0.386320  4.701700  
124.000000  577.000000  -0.385742  4.800640  
124.000000  582.000000  -0.384808  4.901100  
124.000000  587.000000  -0.383956  4.999610  
124.000000  592.000000  -0.383257  5.101310  
124.000000  597.000000  -0.381369  5.202080  
124.000000  602.000000  -0.380088  5.303550  
124.000000  607.000000  -0.378958  5.403780  
129.000000  162.000000  -0.522325  -3.497610  
129.000000  167.000000  -0.521165  -3.397410  
129.000000  172.000000  -0.520129  -3.298410  
129.000000  177.000000  -0.518692  -3.198870  
129.000000  182.000000  -0.516955  -3.097200  
129.000000  187.000000  -0.513469  -2.997620  
129.000000  192.000000  -0.512530  -2.897400  
129.000000  197.000000  -0.510593  -2.796420  
129.000000  202.000000  -0.509349  -2.696600  
129.000000  207.000000  -0.508111  -2.597220  
129.000000  212.000000  -0.507908  -2.497200  
129.000000  217.000000  -0.505126  -2.398710  
129.000000  222.000000  -0.504524  -2.298240  
129.000000  227.000000  -0.503022  -2.198730  
129.000000  232.000000  -0.501785  -2.097650  
129.000000  237.000000  -0.501054  -1.997830  
129.000000  242.000000  -0.500091  -1.896820  
129.000000  247.000000  -0.499438  -1.795730  
129.000000  252.000000  -0.497981  -1.695350  
129.000000  257.000000  -0.498334  -1.595680  
129.000000  262.000000  -0.496232  -1.496340  
129.000000  267.000000  -0.495936  -1.395930  
129.000000  272.000000  -0.494350  -1.296930  
129.000000  277.000000  -0.493195  -1.197510  
129.000000  282.000000  -0.491180  -1.097890  
129.000000  287.000000  -0.490149  -0.996948  
129.000000  292.000000  -0.489411  -0.896266  
129.000000  297.000000  -0.487345  -0.797375  
129.000000  302.000000  -0.487609  -0.696371  
129.000000  307.000000  -0.486273  -0.595798  
129.000000  312.000000  -0.485145  -0.497054  
129.000000  317.000000  -0.483421  -0.399240  
129.000000  322.000000  -0.481552  -0.297609  
129.000000  327.000000  -0.479539  -0.199431  
129.000000  332.000000  -0.478520  -0.099304  
129.000000  337.000000  -0.476641  0.001959  
129.000000  342.000000  -0.475992  0.101912  
129.000000  347.000000  -0.474556  0.202461  
129.000000  352.000000  -0.473910  0.303593  
129.000000  357.000000  -0.472349  0.403236  
129.000000  362.000000  -0.471591  0.502825  
129.000000  367.000000  -0.470026  0.603014  
129.000000  372.000000  -0.468715  0.701839  
129.000000  377.000000  -0.466990  0.801085  
129.000000  382.000000  -0.465939  0.901769  
129.000000  387.000000  -0.464763  1.001910  
129.000000  392.000000  -0.464398  1.101810  
129.000000  397.000000  -0.463107  1.202070  
129.000000  402.000000  -0.460363  1.302760  
129.000000  407.000000  -0.459037  1.403040  
129.000000  412.000000  -0.457492  1.502520  
129.000000  417.000000  -0.455685  1.602770  
129.000000  422.000000  -0.454713  1.702680  
129.000000  427.000000  -0.455491  1.801750  
129.000000  432.000000  -0.454086  1.901090  
129.000000  437.000000  -0.452186  2.002020  
129.000000  442.000000  -0.449787  2.102440  
129.000000  447.000000  -0.448634  2.202860  
129.000000  452.000000  -0.447435  2.301790  
129.000000  457.000000  -0.445748  2.403130  
129.000000  462.000000  -0.444240  2.501870  
129.000000  467.000000  -0.441961  2.602680  
129.000000  472.000000  -0.440539  2.702380  
129.000000  477.000000  -0.438628  2.804190  
129.000000  482.000000  -0.437735  2.903200  
129.000000  487.000000  -0.438348  3.004120  
129.000000  492.000000  -0.438741  3.102240  
129.000000  497.000000  -0.437700  3.202320  
129.000000  502.000000  -0.437887  3.302760  
129.000000  507.000000  -0.436168  3.402680  
129.000000  512.000000  -0.433806  3.501470  
129.000000  517.000000  -0.432703  3.603080  
129.000000  522.000000  -0.430950  3.702910  
129.000000  527.000000  -0.429274  3.802520  
129.000000  532.000000  -0.428059  3.902920  
129.000000  537.000000  -0.425972  4.003690  
129.000000  542.000000  -0.425471  4.102440  
129.000000  547.000000  -0.423903  4.202800  
129.000000  552.000000  -0.422027  4.302570  
129.000000  557.000000  -0.421492  4.402620  
129.000000  562.000000  -0.420111  4.502400  
129.000000  567.000000  -0.418383  4.602000  
129.000000  572.000000  -0.417767  4.701770  
129.000000  577.000000  -0.416385  4.801480  
129.000000  582.000000  -0.415159  4.901690  
129.000000  587.000000  -0.413465  5.000250  
129.000000  592.000000  -0.412691  5.101870  
129.000000  597.000000  -0.411529  5.202880  
129.000000  602.000000  -0.409979  5.302660  
129.000000  607.000000  -0.410574  5.403740  
134.000000  162.000000  -0.552017  -3.497120  
134.000000  167.000000  -0.550243  -3.396290  
134.000000  172.000000  -0.549118  -3.297330  
134.000000  177.000000  -0.548264  -3.197040  
134.000000  182.000000  -0.546316  -3.096380  
134.000000  187.000000  -0.545062  -2.995930  
134.000000  192.000000  -0.544384  -2.895660  
134.000000  197.000000  -0.542843  -2.795330  
134.000000  202.000000  -0.540649  -2.695610  
134.000000  207.000000  -0.539933  -2.596540  
134.000000  212.000000  -0.538088  -2.497050  
134.000000  217.000000  -0.534439  -2.399360  
134.000000  222.000000  -0.534445  -2.298650  
134.000000  227.000000  -0.533916  -2.198700  
134.000000  232.000000  -0.531745  -2.097730  
134.000000  237.000000  -0.531045  -1.997790  
134.000000  242.000000  -0.530596  -1.896000  
134.000000  247.000000  -0.529543  -1.794950  
134.000000  252.000000  -0.528774  -1.694490  
134.000000  257.000000  -0.528881  -1.594460  
134.000000  262.000000  -0.526363  -1.495580  
134.000000  267.000000  -0.526071  -1.396080  
134.000000  272.000000  -0.523477  -1.297100  
134.000000  277.000000  -0.522291  -1.198460  
134.000000  282.000000  -0.520269  -1.097730  
134.000000  287.000000  -0.520098  -0.996227  
134.000000  292.000000  -0.519916  -0.894915  
134.000000  297.000000  -0.517963  -0.795298  
134.000000  302.000000  -0.517347  -0.694925  
134.000000  307.000000  -0.515822  -0.594651  
134.000000  312.000000  -0.514668  -0.495947  
134.000000  317.000000  -0.512017  -0.397690  
134.000000  322.000000  -0.510411  -0.298051  
134.000000  327.000000  -0.508736  -0.198962  
134.000000  332.000000  -0.508083  -0.098375  
134.000000  337.000000  -0.506064  0.002457  
134.000000  342.000000  -0.505686  0.102324  
134.000000  347.000000  -0.504556  0.202720  
134.000000  352.000000  -0.503220  0.301881  
134.000000  357.000000  -0.502580  0.402883  
134.000000  362.000000  -0.502166  0.502981  
134.000000  367.000000  -0.501284  0.603419  
134.000000  372.000000  -0.500408  0.702934  
134.000000  377.000000  -0.499003  0.802966  
134.000000  382.000000  -0.496966  0.902281  
134.000000  387.000000  -0.494773  1.002500  
134.000000  392.000000  -0.492662  1.102220  
134.000000  397.000000  -0.491666  1.201530  
134.000000  402.000000  -0.490652  1.302830  
134.000000  407.000000  -0.489761  1.402690  
134.000000  412.000000  -0.488378  1.502000  
134.000000  417.000000  -0.487482  1.602650  
134.000000  422.000000  -0.486434  1.702940  
134.000000  427.000000  -0.485365  1.802260  
134.000000  432.000000  -0.483953  1.902340  
134.000000  437.000000  -0.482038  2.002060  
134.000000  442.000000  -0.480869  2.102520  
134.000000  447.000000  -0.479816  2.203640  
134.000000  452.000000  -0.478512  2.302150  
134.000000  457.000000  -0.477099  2.402760  
134.000000  462.000000  -0.476960  2.503530  
134.000000  467.000000  -0.475179  2.603100  
134.000000  472.000000  -0.473421  2.702770  
134.000000  477.000000  -0.472412  2.803630  
134.000000  482.000000  -0.471645  2.902750  
134.000000  487.000000  -0.469735  3.002980  
134.000000  492.000000  -0.468204  3.102650  
134.000000  497.000000  -0.466875  3.201560  
134.000000  502.000000  -0.464374  3.303260  
134.000000  507.000000  -0.463381  3.403510  
134.000000  512.000000  -0.461738  3.503070  
134.000000  517.000000  -0.461341  3.603930  
134.000000  522.000000  -0.460662  3.704860  
134.000000  527.000000  -0.459954  3.803680  
134.000000  532.000000  -0.458668  3.904320  
134.000000  537.000000  -0.457068  4.005030  
134.000000  542.000000  -0.456246  4.104390  
134.000000  547.000000  -0.454480  4.202510  
134.000000  552.000000  -0.453358  4.303270  
134.000000  557.000000  -0.451632  4.402720  
134.000000  562.000000  -0.450268  4.502520  
134.000000  567.000000  -0.447952  4.601750  
134.000000  572.000000  -0.446687  4.702570  
134.000000  577.000000  -0.444679  4.801280  
134.000000  582.000000  -0.443682  4.901930  
134.000000  587.000000  -0.442240  5.000610  
134.000000  592.000000  -0.441263  5.102490  
134.000000  597.000000  -0.440921  5.204670  
134.000000  602.000000  -0.439589  5.303580  
134.000000  607.000000  -0.437233  5.404600  
139.000000  162.000000  -0.580023  -3.496360  
139.000000  167.000000  -0.579608  -3.395920  
139.000000  172.000000  -0.579715  -3.295840  
139.000000  177.000000  -0.578883  -3.195900  
139.000000  182.000000  -0.578500  -3.096100  
139.000000  187.000000  -0.576899  -2.994540  
139.000000  192.000000  -0.575313  -2.894790  
139.000000  197.000000  -0.574013  -2.794470  
139.000000  202.000000  -0.573306  -2.695010  
139.000000  207.000000  -0.571780  -2.594760  
139.000000  212.000000  -0.571118  -2.495260  
139.000000  217.000000  -0.568761  -2.397610  
139.000000  222.000000  -0.566572  -2.297490  
139.000000  227.000000  -0.564693  -2.197220  
139.000000  232.000000  -0.562420  -2.097140  
139.000000  237.000000  -0.561831  -1.997660  
139.000000  242.000000  -0.560779  -1.895620  
139.000000  247.000000  -0.560033  -1.794890  
139.000000  252.000000  -0.559456  -1.694670  
139.000000  257.000000  -0.559628  -1.595050  
139.000000  262.000000  -0.557374  -1.495930  
139.000000  267.000000  -0.556575  -1.396590  
139.000000  272.000000  -0.554246  -1.298090  
139.000000  277.000000  -0.553148  -1.198620  
139.000000  282.000000  -0.550463  -1.097510  
139.000000  287.000000  -0.548777  -0.996726  
139.000000  292.000000  -0.547004  -0.895444  
139.000000  297.000000  -0.546334  -0.795591  
139.000000  302.000000  -0.545726  -0.694431  
139.000000  307.000000  -0.544252  -0.595144  
139.000000  312.000000  -0.543965  -0.495870  
139.000000  317.000000  -0.543930  -0.397410  
139.000000  322.000000  -0.541934  -0.296491  
139.000000  327.000000  -0.539930  -0.197644  
139.000000  332.000000  -0.539007  -0.097288  
139.000000  337.000000  -0.536352  0.004411  
139.000000  342.000000  -0.535030  0.102747  
139.000000  347.000000  -0.533678  0.203034  
139.000000  352.000000  -0.532688  0.302235  
139.000000  357.000000  -0.532125  0.403898  
139.000000  362.000000  -0.532244  0.503818  
139.000000  367.000000  -0.531252  0.604681  
139.000000  372.000000  -0.530440  0.704093  
139.000000  377.000000  -0.529342  0.804349  
139.000000  382.000000  -0.527387  0.903455  
139.000000  387.000000  -0.525835  1.003020  
139.000000  392.000000  -0.524539  1.103770  
139.000000  397.000000  -0.523236  1.202420  
139.000000  402.000000  -0.522112  1.303890  
139.000000  407.000000  -0.520527  1.403330  
139.000000  412.000000  -0.520072  1.503340  
139.000000  417.000000  -0.517999  1.603000  
139.000000  422.000000  -0.516741  1.704350  
139.000000  427.000000  -0.514806  1.803180  
139.000000  432.000000  -0.513013  1.902500  
139.000000  437.000000  -0.510296  2.003000  
139.000000  442.000000  -0.508836  2.103680  
139.000000  447.000000  -0.508105  2.203700  
139.000000  452.000000  -0.507444  2.303640  
139.000000  457.000000  -0.507334  2.404350  
139.000000  462.000000  -0.506123  2.504070  
139.000000  467.000000  -0.504401  2.604280  
139.000000  472.000000  -0.502625  2.704030  
139.000000  477.000000  -0.500740  2.804480  
139.000000  482.000000  -0.499435  2.903770  
139.000000  487.000000  -0.498114  3.004140  
139.000000  492.000000  -0.497577  3.102170  
139.000000  497.000000  -0.497472  3.202100  
139.000000  502.000000  -0.495929  3.302860  
139.000000  507.000000  -0.495263  3.403450  
139.000000  512.000000  -0.494433  3.503220  
139.000000  517.000000  -0.492771  3.604660  
139.000000  522.000000  -0.490442  3.704660  
139.000000  527.000000  -0.490193  3.804570  
139.000000  532.000000  -0.488804  3.904970  
139.000000  537.000000  -0.487474  4.005830  
139.000000  542.000000  -0.487219  4.105390  
139.000000  547.000000  -0.486197  4.204130  
139.000000  552.000000  -0.484850  4.304150  
139.000000  557.000000  -0.483913  4.403840  
139.000000  562.000000  -0.481478  4.502720  
139.000000  567.000000  -0.478965  4.601480  
139.000000  572.000000  -0.477228  4.702870  
139.000000  577.000000  -0.475721  4.802280  
139.000000  582.000000  -0.475222  4.902690  
139.000000  587.000000  -0.475213  5.001990  
139.000000  592.000000  -0.474155  5.103240  
139.000000  597.000000  -0.472004  5.204370  
139.000000  602.000000  -0.470141  5.303370  
139.000000  607.000000  -0.467449  5.404350  
144.000000  162.000000  -0.611493  -3.494880  
144.000000  167.000000  -0.610715  -3.394920  
144.000000  172.000000  -0.610520  -3.294490  
144.000000  177.000000  -0.610582  -3.194530  
144.000000  182.000000  -0.609432  -3.095590  
144.000000  187.000000  -0.607702  -2.993790  
144.000000  192.000000  -0.606124  -2.893740  
144.000000  197.000000  -0.603994  -2.792780  
144.000000  202.000000  -0.602200  -2.694000  
144.000000  207.000000  -0.601552  -2.593340  
144.000000  212.000000  -0.599012  -2.493280  
144.000000  217.000000  -0.597222  -2.395340  
144.000000  222.000000  -0.595755  -2.295950  
144.000000  227.000000  -0.594641  -2.195620  
144.000000  232.000000  -0.592010  -2.095910  
144.000000  237.000000  -0.592606  -1.996740  
144.000000  242.000000  -0.590755  -1.895500  
144.000000  247.000000  -0.590501  -1.794680  
144.000000  252.000000  -0.589508  -1.694290  
144.000000  257.000000  -0.588391  -1.593730  
144.000000  262.000000  -0.586481  -1.494790  
144.000000  267.000000  -0.585720  -1.394380  
144.000000  272.000000  -0.582940  -1.295880  
144.000000  277.000000  -0.581649  -1.196010  
144.000000  282.000000  -0.581292  -1.096140  
144.000000  287.000000  -0.581325  -0.995649  
144.000000  292.000000  -0.580629  -0.894146  
144.000000  297.000000  -0.580042  -0.794427  
144.000000  302.000000  -0.578565  -0.693511  
144.000000  307.000000  -0.577283  -0.594241  
144.000000  312.000000  -0.575797  -0.494820  
144.000000  317.000000  -0.575550  -0.396557  
144.000000  322.000000  -0.573461  -0.295485  
144.000000  327.000000  -0.571865  -0.197409  
144.000000  332.000000  -0.570111  -0.097226  
144.000000  337.000000  -0.568652  0.004385  
144.000000  342.000000  -0.566092  0.103539  
144.000000  347.000000  -0.564628  0.204271  
144.000000  352.000000  -0.563393  0.302983  
144.000000  357.000000  -0.562112  0.405346  
144.000000  362.000000  -0.561734  0.504921  
144.000000  367.000000  -0.560313  0.605604  
144.000000  372.000000  -0.560208  0.704597  
144.000000  377.000000  -0.559883  0.805289  
144.000000  382.000000  -0.559150  0.904347  
144.000000  387.000000  -0.557789  1.004090  
144.000000  392.000000  -0.557691  1.104190  
144.000000  397.000000  -0.555401  1.203520  
144.000000  402.000000  -0.554203  1.304450  
144.000000  407.000000  -0.552246  1.403450  
144.000000  412.000000  -0.551119  1.503950  
144.000000  417.000000  -0.549164  1.603800  
144.000000  422.000000  -0.547665  1.704460  
144.000000  427.000000  -0.546095  1.803260  
144.000000  432.000000  -0.544944  1.903560  
144.000000  437.000000  -0.542376  2.004010  
144.000000  442.000000  -0.541309  2.104460  
144.000000  447.000000  -0.541312  2.205600  
144.000000  452.000000  -0.540410  2.306710  
144.000000  457.000000  -0.539574  2.406340  
144.000000  462.000000  -0.537659  2.506230  
144.000000  467.000000  -0.537979  2.606670  
144.000000  472.000000  -0.536096  2.705670  
144.000000  477.000000  -0.535277  2.805330  
144.000000  482.000000  -0.534295  2.906160  
144.000000  487.000000  -0.533963  3.006320  
144.000000  492.000000  -0.530947  3.104330  
144.000000  497.000000  -0.529721  3.204340  
144.000000  502.000000  -0.526991  3.304960  
144.000000  507.000000  -0.525726  3.404260  
144.000000  512.000000  -0.524664  3.503790  
144.000000  517.000000  -0.522550  3.606250  
144.000000  522.000000  -0.520177  3.706510  
144.000000  527.000000  -0.519143  3.806640  
144.000000  532.000000  -0.517901  3.906540  
144.000000  537.000000  -0.516226  4.007640  
144.000000  542.000000  -0.516884  4.106570  
144.000000  547.000000  -0.516379  4.204840  
144.000000  552.000000  -0.515679  4.305940  
144.000000  557.000000  -0.514708  4.405840  
144.000000  562.000000  -0.512702  4.504320  
144.000000  567.000000  -0.510165  4.604100  
144.000000  572.000000  -0.509786  4.705510  
144.000000  577.000000  -0.508335  4.805070  
144.000000  582.000000  -0.506792  4.905400  
144.000000  587.000000  -0.506170  5.004720  
144.000000  592.000000  -0.505076  5.105170  
144.000000  597.000000  -0.502504  5.205750  
144.000000  602.000000  -0.500626  5.303840  
144.000000  607.000000  -0.498419  5.403960  
149.000000  162.000000  -0.641960  -3.494500  
149.000000  167.000000  -0.640774  -3.395370  
149.000000  172.000000  -0.639863  -3.293570  
149.000000  177.000000  -0.639670  -3.193720  
149.000000  182.000000  -0.638607  -3.095310  
149.000000  187.000000  -0.636350  -2.993650  
149.000000  192.000000  -0.636413  -2.892380  
149.000000  197.000000  -0.635217  -2.792530  
149.000000  202.000000  -0.632136  -2.693350  
149.000000  207.000000  -0.632136  -2.593950  
149.000000  212.000000  -0.630868  -2.494490  
149.000000  217.000000  -0.629062  -2.396130  
149.000000  222.000000  -0.628271  -2.296070  
149.000000  227.000000  -0.626925  -2.195190  
149.000000  232.000000  -0.623622  -2.095460  
149.000000  237.000000  -0.622895  -1.995040  
149.000000  242.000000  -0.621567  -1.893710  
149.000000  247.000000  -0.619769  -1.792770  
149.000000  252.000000  -0.620241  -1.692890  
149.000000  257.000000  -0.619337  -1.592390  
149.000000  262.000000  -0.617620  -1.493010  
149.000000  267.000000  -0.616496  -1.393900  
149.000000  272.000000  -0.615289  -1.295250  
149.000000  277.000000  -0.612694  -1.194560  
149.000000  282.000000  -0.612565  -1.094360  
149.000000  287.000000  -0.610933  -0.994084  
149.000000  292.000000  -0.609450  -0.893202  
149.000000  297.000000  -0.609441  -0.793341  
149.000000  302.000000  -0.609213  -0.693080  
149.000000  307.000000  -0.607775  -0.594254  
149.000000  312.000000  -0.606150  -0.494689  
149.000000  317.000000  -0.605011  -0.395397  
149.000000  322.000000  -0.602627  -0.295324  
149.000000  327.000000  -0.600994  -0.196280  
149.000000  332.000000  -0.599779  -0.095918  
149.000000  337.000000  -0.599006  0.005610  
149.000000  342.000000  -0.597322  0.104478  
149.000000  347.000000  -0.595992  0.205203  
149.000000  352.000000  -0.594872  0.303109  
149.000000  357.000000  -0.593414  0.405598  
149.000000  362.000000  -0.592199  0.505378  
149.000000  367.000000  -0.591026  0.606339  
149.000000  372.000000  -0.590038  0.705525  
149.000000  377.000000  -0.589186  0.807106  
149.000000  382.000000  -0.587682  0.905226  
149.000000  387.000000  -0.586847  1.004740  
149.000000  392.000000  -0.586617  1.105680  
149.000000  397.000000  -0.585482  1.204650  
149.000000  402.000000  -0.583679  1.305560  
149.000000  407.000000  -0.580997  1.405440  
149.000000  412.000000  -0.578600  1.505070  
149.000000  417.000000  -0.577055  1.604140  
149.000000  422.000000  -0.576174  1.704780  
149.000000  427.000000  -0.577053  1.804220  
149.000000  432.000000  -0.576127  1.904030  
149.000000  437.000000  -0.574908  2.004560  
149.000000  442.000000  -0.572021  2.105130  
149.000000  447.000000  -0.570507  2.205480  
149.000000  452.000000  -0.568459  2.306770  
149.000000  457.000000  -0.566957  2.406100  
149.000000  462.000000  -0.565728  2.506910  
149.000000  467.000000  -0.565545  2.607410  
149.000000  472.000000  -0.564579  2.707320  
149.000000  477.000000  -0.562863  2.806420  
149.000000  482.000000  -0.562121  2.907070  
149.000000  487.000000  -0.561563  3.006220  
149.000000  492.000000  -0.560695  3.105070  
149.000000  497.000000  -0.560009  3.204690  
149.000000  502.000000  -0.558419  3.304820  
149.000000  507.000000  -0.557133  3.405000  
149.000000  512.000000  -0.555025  3.504870  
149.000000  517.000000  -0.552241  3.606090  
149.000000  522.000000  -0.549856  3.706440  
149.000000  527.000000  -0.548081  3.806900  
149.000000  532.000000  -0.547373  3.906730  
149.000000  537.000000  -0.546471  4.008790  
149.000000  542.000000  -0.547270  4.107930  
149.000000  547.000000  -0.547443  4.206390  
149.000000  552.000000  -0.546724  4.306550  
149.000000  557.000000  -0.546048  4.406570  
149.000000  562.000000  -0.545190  4.504160  
149.000000  567.000000  -0.543007  4.603990  
149.000000  572.000000  -0.541193  4.705460  
149.000000  577.000000  -0.539995  4.804700  
149.000000  582.000000  -0.538315  4.904940  
149.000000  587.000000  -0.537022  5.005680  
149.000000  592.000000  -0.534754  5.105500  
149.000000  597.000000  -0.532985  5.205870  
149.000000  602.000000  -0.531240  5.304270  
149.000000  607.000000  -0.529509  5.404690  
154.000000  162.000000  -0.671635  -3.494210  
154.000000  167.000000  -0.670389  -3.395090  
154.000000  172.000000  -0.669756  -3.293820  
154.000000  177.000000  -0.669391  -3.192370  
154.000000  182.000000  -0.667379  -3.094250  
154.000000  187.000000  -0.666486  -2.992720  
154.000000  192.000000  -0.666331  -2.892390  
154.000000  197.000000  -0.665274  -2.791370  
154.000000  202.000000  -0.662824  -2.692780  
154.000000  207.000000  -0.663272  -2.592970  
154.000000  212.000000  -0.661429  -2.492860  
154.000000  217.000000  -0.660389  -2.394080  
154.000000  222.000000  -0.658889  -2.295000  
154.000000  227.000000  -0.658112  -2.194470  
154.000000  232.000000  -0.654787  -2.094640  
154.000000  237.000000  -0.653961  -1.994140  
154.000000  242.000000  -0.652340  -1.892610  
154.000000  247.000000  -0.651502  -1.792530  
154.000000  252.000000  -0.651339  -1.692770  
154.000000  257.000000  -0.650150  -1.592010  
154.000000  262.000000  -0.647616  -1.493220  
154.000000  267.000000  -0.647084  -1.393980  
154.000000  272.000000  -0.644876  -1.294740  
154.000000  277.000000  -0.643761  -1.194540  
154.000000  282.000000  -0.642376  -1.094670  
154.000000  287.000000  -0.641570  -0.993767  
154.000000  292.000000  -0.639384  -0.893907  
154.000000  297.000000  -0.639454  -0.792521  
154.000000  302.000000  -0.636882  -0.692141  
154.000000  307.000000  -0.635579  -0.593396  
154.000000  312.000000  -0.634582  -0.494222  
154.000000  317.000000  -0.633554  -0.393603  
154.000000  322.000000  -0.631487  -0.294845  
154.000000  327.000000  -0.630995  -0.195094  
154.000000  332.000000  -0.629605  -0.094494  
154.000000  337.000000  -0.628240  0.006268  
154.000000  342.000000  -0.626437  0.105620  
154.000000  347.000000  -0.624290  0.206359  
154.000000  352.000000  -0.622580  0.303733  
154.000000  357.000000  -0.621909  0.406481  
154.000000  362.000000  -0.621385  0.507207  
154.000000  367.000000  -0.620265  0.607527  
154.000000  372.000000  -0.620163  0.707293  
154.000000  377.000000  -0.620250  0.809301  
154.000000  382.000000  -0.617284  0.907240  
154.000000  387.000000  -0.615583  1.006390  
154.000000  392.000000  -0.614372  1.107750  
154.000000  397.000000  -0.612463  1.206840  
154.000000  402.000000  -0.612181  1.307160  
154.000000  407.000000  -0.610410  1.406930  
154.000000  412.000000  -0.608851  1.506340  
154.000000  417.000000  -0.608560  1.604930  
154.000000  422.000000  -0.607210  1.705960  
154.000000  427.000000  -0.606524  1.805810  
154.000000  432.000000  -0.605668  1.905530  
154.000000  437.000000  -0.605160  2.005960  
154.000000  442.000000  -0.604209  2.106650  
154.000000  447.000000  -0.602734  2.205730  
154.000000  452.000000  -0.600203  2.307100  
154.000000  457.000000  -0.599035  2.406290  
154.000000  462.000000  -0.597172  2.507120  
154.000000  467.000000  -0.595228  2.607140  
154.000000  472.000000  -0.594463  2.707150  
154.000000  477.000000  -0.593798  2.806030  
154.000000  482.000000  -0.592897  2.907160  
154.000000  487.000000  -0.591299  3.006420  
154.000000  492.000000  -0.589385  3.106360  
154.000000  497.000000  -0.587527  3.206260  
154.000000  502.000000  -0.584973  3.306070  
154.000000  507.000000  -0.583601  3.406010  
154.000000  512.000000  -0.583111  3.505740  
154.000000  517.000000  -0.582139  3.606350  
154.000000  522.000000  -0.581209  3.706720  
154.000000  527.000000  -0.580946  3.807480  
154.000000  532.000000  -0.579776  3.907200  
154.000000  537.000000  -0.578251  4.008540  
154.000000  542.000000  -0.577261  4.108210  
154.000000  547.000000  -0.576637  4.207070  
154.000000  552.000000  -0.575216  4.308150  
154.000000  557.000000  -0.574470  4.407210  
154.000000  562.000000  -0.573209  4.505080  
154.000000  567.000000  -0.571493  4.605120  
154.000000  572.000000  -0.570414  4.706680  
154.000000  577.000000  -0.569158  4.805220  
154.000000  582.000000  -0.567824  4.906190  
154.000000  587.000000  -0.567444  5.007500  
154.000000  592.000000  -0.566011  5.106540  
154.000000  597.000000  -0.563674  5.207100  
154.000000  602.000000  -0.561990  5.307090  
154.000000  607.000000  -0.557981  5.405780  
159.000000  162.000000  -0.701758  -3.492970  
159.000000  167.000000  -0.701254  -3.393480  
159.000000  172.000000  -0.700495  -3.292930  
159.000000  177.000000  -0.698619  -3.192980  
159.000000  182.000000  -0.696966  -3.093970  
159.000000  187.000000  -0.695072  -2.993210  
159.000000  192.000000  -0.694056  -2.893100  
159.000000  197.000000  -0.693298  -2.791590  
159.000000  202.000000  -0.692167  -2.692340  
159.000000  207.000000  -0.691944  -2.593130  
159.000000  212.000000  -0.690893  -2.492980  
159.000000  217.000000  -0.690293  -2.393700  
159.000000  222.000000  -0.688036  -2.294320  
159.000000  227.000000  -0.686498  -2.194380  
159.000000  232.000000  -0.684232  -2.093410  
159.000000  237.000000  -0.683678  -1.993070  
159.000000  242.000000  -0.681938  -1.892200  
159.000000  247.000000  -0.681428  -1.792520  
159.000000  252.000000  -0.680333  -1.692180  
159.000000  257.000000  -0.679174  -1.592740  
159.000000  262.000000  -0.677429  -1.493290  
159.000000  267.000000  -0.677051  -1.393530  
159.000000  272.000000  -0.675907  -1.293250  
159.000000  277.000000  -0.675837  -1.193670  
159.000000  282.000000  -0.675059  -1.093470  
159.000000  287.000000  -0.673635  -0.993395  
159.000000  292.000000  -0.671346  -0.893722  
159.000000  297.000000  -0.670207  -0.792936  
159.000000  302.000000  -0.667532  -0.693430  
159.000000  307.000000  -0.665939  -0.592763  
159.000000  312.000000  -0.664417  -0.493146  
159.000000  317.000000  -0.663695  -0.392944  
159.000000  322.000000  -0.662085  -0.293957  
159.000000  327.000000  -0.661099  -0.192815  
159.000000  332.000000  -0.659274  -0.092833  
159.000000  337.000000  -0.658194  0.007326  
159.000000  342.000000  -0.656130  0.107905  
159.000000  347.000000  -0.654287  0.207251  
159.000000  352.000000  -0.653181  0.304379  
159.000000  357.000000  -0.652067  0.407046  
159.000000  362.000000  -0.651079  0.507921  
159.000000  367.000000  -0.649949  0.608022  
159.000000  372.000000  -0.648670  0.708060  
159.000000  377.000000  -0.648079  0.810221  
159.000000  382.000000  -0.646725  0.907929  
159.000000  387.000000  -0.645325  1.007010  
159.000000  392.000000  -0.645094  1.108190  
159.000000  397.000000  -0.643618  1.207910  
159.000000  402.000000  -0.642662  1.307940  
159.000000  407.000000  -0.639988  1.407840  
159.000000  412.000000  -0.639171  1.507210  
159.000000  417.000000  -0.637703  1.605680  
159.000000  422.000000  -0.636683  1.706120  
159.000000  427.000000  -0.636338  1.806370  
159.000000  432.000000  -0.635764  1.906130  
159.000000  437.000000  -0.635054  2.007260  
159.000000  442.000000  -0.633595  2.108010  
159.000000  447.000000  -0.631727  2.206890  
159.000000  452.000000  -0.629178  2.307780  
159.000000  457.000000  -0.629047  2.407040  
159.000000  462.000000  -0.626049  2.507180  
159.000000  467.000000  -0.624891  2.607190  
159.000000  472.000000  -0.624730  2.707940  
159.000000  477.000000  -0.623289  2.807480  
159.000000  482.000000  -0.621492  2.908840  
159.000000  487.000000  -0.621359  3.009000  
159.000000  492.000000  -0.620006  3.108360  
159.000000  497.000000  -0.617868  3.208100  
159.000000  502.000000  -0.616279  3.307190  
159.000000  507.000000  -0.615275  3.407100  
159.000000  512.000000  -0.613919  3.506590  
159.000000  517.000000  -0.611995  3.607250  
159.000000  522.000000  -0.611260  3.706940  
159.000000  527.000000  -0.610314  3.807630  
159.000000  532.000000  -0.609241  3.907260  
159.000000  537.000000  -0.607871  4.008480  
159.000000  542.000000  -0.607306  4.108200  
159.000000  547.000000  -0.606019  4.208330  
159.000000  552.000000  -0.604972  4.308220  
159.000000  557.000000  -0.604148  4.407520  
159.000000  562.000000  -0.602544  4.505580  
159.000000  567.000000  -0.600721  4.605920  
159.000000  572.000000  -0.599536  4.706950  
159.000000  577.000000  -0.598918  4.805890  
159.000000  582.000000  -0.597661  4.906710  
159.000000  587.000000  -0.597727  5.008320  
159.000000  592.000000  -0.596191  5.106890  
159.000000  597.000000  -0.593503  5.206480  
159.000000  602.000000  -0.591190  5.307470  
159.000000  607.000000  -0.589015  5.405390  
164.000000  162.000000  -0.732548  -3.492910  
164.000000  167.000000  -0.731831  -3.392800  
164.000000  172.000000  -0.730135  -3.292540  
164.000000  177.000000  -0.727769  -3.192610  
164.000000  182.000000  -0.724868  -3.092720  
164.000000  187.000000  -0.723865  -2.993180  
164.000000  192.000000  -0.723326  -2.892260  
164.000000  197.000000  -0.722201  -2.790970  
164.000000  202.000000  -0.720704  -2.691370  
164.000000  207.000000  -0.720545  -2.592950  
164.000000  212.000000  -0.718859  -2.492570  
164.000000  217.000000  -0.718207  -2.393070  
164.000000  222.000000  -0.716980  -2.293760  
164.000000  227.000000  -0.715361  -2.194170  
164.000000  232.000000  -0.714416  -2.092810  
164.000000  237.000000  -0.713211  -1.991960  
164.000000  242.000000  -0.710894  -1.891360  
164.000000  247.000000  -0.710747  -1.791560  
164.000000  252.000000  -0.710378  -1.690910  
164.000000  257.000000  -0.708530  -1.591290  
164.000000  262.000000  -0.707212  -1.491850  
164.000000  267.000000  -0.707018  -1.392100  
164.000000  272.000000  -0.705383  -1.291680  
164.000000  277.000000  -0.704141  -1.191720  
164.000000  282.000000  -0.704193  -1.091970  
164.000000  287.000000  -0.703345  -0.991089  
164.000000  292.000000  -0.701109  -0.891458  
164.000000  297.000000  -0.700252  -0.790647  
164.000000  302.000000  -0.697837  -0.691658  
164.000000  307.000000  -0.696723  -0.591616  
164.000000  312.000000  -0.695396  -0.492207  
164.000000  317.000000  -0.693886  -0.392219  
164.000000  322.000000  -0.691786  -0.293702  
164.000000  327.000000  -0.690918  -0.192643  
164.000000  332.000000  -0.689119  -0.091919  
164.000000  337.000000  -0.688086  0.008346  
164.000000  342.000000  -0.686233  0.109644  
164.000000  347.000000  -0.685406  0.208983  
164.000000  352.000000  -0.683851  0.305697  
164.000000  357.000000  -0.681892  0.407861  
164.000000  362.000000  -0.680639  0.508362  
164.000000  367.000000  -0.679261  0.607730  
164.000000  372.000000  -0.678089  0.708033  
164.000000  377.000000  -0.677315  0.811271  
164.000000  382.000000  -0.675875  0.908354  
164.000000  387.000000  -0.674635  1.008130  
164.000000  392.000000  -0.674394  1.108930  
164.000000  397.000000  -0.672560  1.209020  
164.000000  402.000000  -0.671428  1.308400  
164.000000  407.000000  -0.669828  1.409250  
164.000000  412.000000  -0.668146  1.508600  
164.000000  417.000000  -0.666402  1.607180  
164.000000  422.000000  -0.665301  1.707290  
164.000000  427.000000  -0.665789  1.807550  
164.000000  432.000000  -0.665023  1.906940  
164.000000  437.000000  -0.665204  2.008150  
164.000000  442.000000  -0.663621  2.108550  
164.000000  447.000000  -0.661954  2.207630  
164.000000  452.000000  -0.660437  2.308970  
164.000000  457.000000  -0.659545  2.408800  
164.000000  462.000000  -0.656989  2.508510  
164.000000  467.000000  -0.655228  2.608320  
164.000000  472.000000  -0.654522  2.708930  
164.000000  477.000000  -0.652756  2.807650  
164.000000  482.000000  -0.651446  2.908690  
164.000000  487.000000  -0.650952  3.008530  
164.000000  492.000000  -0.650990  3.108850  
164.000000  497.000000  -0.649128  3.208870  
164.000000  502.000000  -0.646758  3.309050  
164.000000  507.000000  -0.645818  3.408920  
164.000000  512.000000  -0.644154  3.508290  
164.000000  517.000000  -0.642444  3.608120  
164.000000  522.000000  -0.642240  3.707550  
164.000000  527.000000  -0.640759  3.807420  
164.000000  532.000000  -0.639611  3.906920  
164.000000  537.000000  -0.638581  4.008170  
164.000000  542.000000  -0.637259  4.108490  
164.000000  547.000000  -0.635269  4.207710  
164.000000  552.000000  -0.634189  4.308080  
164.000000  557.000000  -0.632884  4.407200  
164.000000  562.000000  -0.631531  4.506000  
164.000000  567.000000  -0.630595  4.606510  
164.000000  572.000000  -0.628977  4.708180  
164.000000  577.000000  -0.628225  4.806950  
164.000000  582.000000  -0.626593  4.908100  
164.000000  587.000000  -0.625494  5.009450  
164.000000  592.000000  -0.623614  5.107810  
164.000000  597.000000  -0.622336  5.208290  
164.000000  602.000000  -0.620745  5.308410  
164.000000  607.000000  -0.619462  5.407600  
169.000000  162.000000  -0.762153  -3.492490  
169.000000  167.000000  -0.760331  -3.391870  
169.000000  172.000000  -0.759049  -3.291960  
169.000000  177.000000  -0.756435  -3.190380  
169.000000  182.000000  -0.755055  -3.091740  
169.000000  187.000000  -0.753514  -2.992860  
169.000000  192.000000  -0.752801  -2.891590  
169.000000  197.000000  -0.752213  -2.790570  
169.000000  202.000000  -0.751737  -2.690160  
169.000000  207.000000  -0.750149  -2.591270  
169.000000  212.000000  -0.749032  -2.490670  
169.000000  217.000000  -0.748191  -2.391700  
169.000000  222.000000  -0.746364  -2.292090  
169.000000  227.000000  -0.744109  -2.192830  
169.000000  232.000000  -0.743110  -2.091550  
169.000000  237.000000  -0.741339  -1.990960  
169.000000  242.000000  -0.739387  -1.890450  
169.000000  247.000000  -0.738894  -1.790700  
169.000000  252.000000  -0.738762  -1.691000  
169.000000  257.000000  -0.738463  -1.591820  
169.000000  262.000000  -0.737842  -1.492500  
169.000000  267.000000  -0.737080  -1.393000  
169.000000  272.000000  -0.736104  -1.292570  
169.000000  277.000000  -0.735023  -1.191470  
169.000000  282.000000  -0.733410  -1.091830  
169.000000  287.000000  -0.731421  -0.990537  
169.000000  292.000000  -0.729823  -0.890938  
169.000000  297.000000  -0.728348  -0.790283  
169.000000  302.000000  -0.726619  -0.691849  
169.000000  307.000000  -0.725119  -0.590776  
169.000000  312.000000  -0.724305  -0.491289  
169.000000  317.000000  -0.722071  -0.391145  
169.000000  322.000000  -0.720691  -0.292078  
169.000000  327.000000  -0.719830  -0.190984  
169.000000  332.000000  -0.718761  -0.090825  
169.000000  337.000000  -0.716881  0.009031  
169.000000  342.000000  -0.715562  0.111225  
169.000000  347.000000  -0.714074  0.208965  
169.000000  352.000000  -0.712361  0.305407  
169.000000  357.000000  -0.710820  0.407885  
169.000000  362.000000  -0.710031  0.508706  
169.000000  367.000000  -0.708808  0.607082  
169.000000  372.000000  -0.707426  0.708457  
169.000000  377.000000  -0.706203  0.811066  
169.000000  382.000000  -0.704616  0.908411  
169.000000  387.000000  -0.703203  1.008410  
169.000000  392.000000  -0.703046  1.110040  
169.000000  397.000000  -0.702045  1.209640  
169.000000  402.000000  -0.700660  1.309550  
169.000000  407.000000  -0.699123  1.410410  
169.000000  412.000000  -0.697456  1.509660  
169.000000  417.000000  -0.695926  1.608030  
169.000000  422.000000  -0.695033  1.708760  
169.000000  427.000000  -0.696055  1.808950  
169.000000  432.000000  -0.695185  1.908420  
169.000000  437.000000  -0.695498  2.009210  
169.000000  442.000000  -0.694372  2.109910  
169.000000  447.000000  -0.691922  2.207750  
169.000000  452.000000  -0.689857  2.309240  
169.000000  457.000000  -0.689580  2.409630  
169.000000  462.000000  -0.687533  2.508320  
169.000000  467.000000  -0.684256  2.608000  
169.000000  472.000000  -0.684594  2.709220  
169.000000  477.000000  -0.681886  2.808090  
169.000000  482.000000  -0.679226  2.908310  
169.000000  487.000000  -0.677751  3.008670  
169.000000  492.000000  -0.677951  3.109300  
169.000000  497.000000  -0.675906  3.208640  
169.000000  502.000000  -0.674908  3.308670  
169.000000  507.000000  -0.674422  3.408150  
169.000000  512.000000  -0.672722  3.508600  
169.000000  517.000000  -0.671780  3.607940  
169.000000  522.000000  -0.671575  3.708160  
169.000000  527.000000  -0.670148  3.808390  
169.000000  532.000000  -0.668619  3.908350  
169.000000  537.000000  -0.668440  4.008880  
169.000000  542.000000  -0.666764  4.109170  
169.000000  547.000000  -0.665333  4.208060  
169.000000  552.000000  -0.663956  4.308200  
169.000000  557.000000  -0.663754  4.407700  
169.000000  562.000000  -0.662603  4.507140  
169.000000  567.000000  -0.661796  4.606870  
169.000000  572.000000  -0.659800  4.707840  
169.000000  577.000000  -0.659170  4.806160  
169.000000  582.000000  -0.657218  4.906840  
169.000000  587.000000  -0.656650  5.007880  
169.000000  592.000000  -0.655266  5.107070  
169.000000  597.000000  -0.655296  5.207690  
169.000000  602.000000  -0.655139  5.308990  
169.000000  607.000000  -0.653218  5.408740  
