-14.488000  9.619840  
-13.922400  9.619840  
-13.356800  9.619840  
-12.791200  9.619840  
-12.225600  9.619840  
-11.660000  9.619840  
-11.094400  9.619840  
-10.528800  9.619840  
-9.963240  9.619840  
-9.397640  9.619840  
-8.832040  9.619840  
-8.266450  9.619840  
-7.700850  9.619840  
-7.135250  9.619840  
-6.569660  9.619840  
-6.004060  9.619840  
-5.438460  9.619840  
-4.872870  9.619840  
-4.307270  9.619840  
-3.741670  9.619840  
-3.176070  9.619840  
-2.610480  9.619840  
-2.044880  9.619840  
-1.479280  9.619840  
-0.913687  9.619840  
-0.348091  9.619840  
0.217506  9.619840  
0.783103  9.619840  
1.348700  9.619840  
1.914300  9.619840  
2.479890  9.619840  
3.045490  9.619840  
3.611090  9.619840  
4.176680  9.619840  
4.742280  9.619840  
5.307880  9.619840  
5.873470  9.619840  
6.439070  9.619840  
7.004670  9.619840  
7.570260  9.619840  
8.135860  9.619840  
8.701460  9.619840  
9.267060  9.619840  
9.832650  9.619840  
-14.488000  9.054250  
-13.922400  9.054250  
-13.356800  9.054250  
-12.791200  9.054250  
-12.225600  9.054250  
-11.660000  9.054250  
-11.094400  9.054250  
-10.528800  9.054250  
-9.963240  9.054250  
-9.397640  9.054250  
-8.832040  9.054250  
-8.266450  9.054250  
-7.700850  9.054250  
-7.135250  9.054250  
-6.569660  9.054250  
-6.004060  9.054250  
-5.438460  9.054250  
-4.872870  9.054250  
-4.307270  9.054250  
-3.741670  9.054250  
-3.176070  9.054250  
-2.610480  9.054250  
-2.044880  9.054250  
-1.479280  9.054250  
-0.913687  9.054250  
-0.348091  9.054250  
0.217506  9.054250  
0.783103  9.054250  
1.348700  9.054250  
1.914300  9.054250  
2.479890  9.054250  
3.045490  9.054250  
3.611090  9.054250  
4.176680  9.054250  
4.742280  9.054250  
5.307880  9.054250  
5.873470  9.054250  
6.439070  9.054250  
7.004670  9.054250  
7.570260  9.054250  
8.135860  9.054250  
8.701460  9.054250  
9.267060  9.054250  
9.832650  9.054250  
-14.488000  8.488650  
-13.922400  8.488650  
-13.356800  8.488650  
-12.791200  8.488650  
-12.225600  8.488650  
-11.660000  8.488650  
-11.094400  8.488650  
-10.528800  8.488650  
-9.963240  8.488650  
-9.397640  8.488650  
-8.832040  8.488650  
-8.266450  8.488650  
-7.700850  8.488650  
-7.135250  8.488650  
-6.569660  8.488650  
-6.004060  8.488650  
-5.438460  8.488650  
-4.872870  8.488650  
-4.307270  8.488650  
-3.741670  8.488650  
-3.176070  8.488650  
-2.610480  8.488650  
-2.044880  8.488650  
-1.479280  8.488650  
-0.913687  8.488650  
-0.348091  8.488650  
0.217506  8.488650  
0.783103  8.488650  
1.348700  8.488650  
1.914300  8.488650  
2.479890  8.488650  
3.045490  8.488650  
3.611090  8.488650  
4.176680  8.488650  
4.742280  8.488650  
5.307880  8.488650  
5.873470  8.488650  
6.439070  8.488650  
7.004670  8.488650  
7.570260  8.488650  
8.135860  8.488650  
8.701460  8.488650  
9.267060  8.488650  
9.832650  8.488650  
-14.488000  7.923050  
-13.922400  7.923050  
-13.356800  7.923050  
-12.791200  7.923050  
-12.225600  7.923050  
-11.660000  7.923050  
-11.094400  7.923050  
-10.528800  7.923050  
-9.963240  7.923050  
-9.397640  7.923050  
-8.832040  7.923050  
-8.266450  7.923050  
-7.700850  7.923050  
-7.135250  7.923050  
-6.569660  7.923050  
-6.004060  7.923050  
-5.438460  7.923050  
-4.872870  7.923050  
-4.307270  7.923050  
-3.741670  7.923050  
-3.176070  7.923050  
-2.610480  7.923050  
-2.044880  7.923050  
-1.479280  7.923050  
-0.913687  7.923050  
-0.348091  7.923050  
0.217506  7.923050  
0.783103  7.923050  
1.348700  7.923050  
1.914300  7.923050  
2.479890  7.923050  
3.045490  7.923050  
3.611090  7.923050  
4.176680  7.923050  
4.742280  7.923050  
5.307880  7.923050  
5.873470  7.923050  
6.439070  7.923050  
7.004670  7.923050  
7.570260  7.923050  
8.135860  7.923050  
8.701460  7.923050  
9.267060  7.923050  
9.832650  7.923050  
-14.488000  7.357460  
-13.922400  7.357460  
-13.356800  7.357460  
-12.791200  7.357460  
-12.225600  7.357460  
-11.660000  7.357460  
-11.094400  7.357460  
-10.528800  7.357460  
-9.963240  7.357460  
-9.397640  7.357460  
-8.832040  7.357460  
-8.266450  7.357460  
-7.700850  7.357460  
-7.135250  7.357460  
-6.569660  7.357460  
-6.004060  7.357460  
-5.438460  7.357460  
-4.872870  7.357460  
-4.307270  7.357460  
-3.741670  7.357460  
-3.176070  7.357460  
-2.610480  7.357460  
-2.044880  7.357460  
-1.479280  7.357460  
-0.913687  7.357460  
-0.348091  7.357460  
0.217506  7.357460  
0.783103  7.357460  
1.348700  7.357460  
1.914300  7.357460  
2.479890  7.357460  
3.045490  7.357460  
3.611090  7.357460  
4.176680  7.357460  
4.742280  7.357460  
5.307880  7.357460  
5.873470  7.357460  
6.439070  7.357460  
7.004670  7.357460  
7.570260  7.357460  
8.135860  7.357460  
8.701460  7.357460  
9.267060  7.357460  
9.832650  7.357460  
-14.488000  6.791860  
-13.922400  6.791860  
-13.356800  6.791860  
-12.791200  6.791860  
-12.225600  6.791860  
-11.660000  6.791860  
-11.094400  6.791860  
-10.528800  6.791860  
-9.963240  6.791860  
-9.397640  6.791860  
-8.832040  6.791860  
-8.266450  6.791860  
-7.700850  6.791860  
-7.135250  6.791860  
-6.569660  6.791860  
-6.004060  6.791860  
-5.438460  6.791860  
-4.872870  6.791860  
-4.307270  6.791860  
-3.741670  6.791860  
-3.176070  6.791860  
-2.610480  6.791860  
-2.044880  6.791860  
-1.479280  6.791860  
-0.913687  6.791860  
-0.348091  6.791860  
0.217506  6.791860  
0.783103  6.791860  
1.348700  6.791860  
1.914300  6.791860  
2.479890  6.791860  
3.045490  6.791860  
3.611090  6.791860  
4.176680  6.791860  
4.742280  6.791860  
5.307880  6.791860  
5.873470  6.791860  
6.439070  6.791860  
7.004670  6.791860  
7.570260  6.791860  
8.135860  6.791860  
8.701460  6.791860  
9.267060  6.791860  
9.832650  6.791860  
-14.488000  6.226260  
-13.922400  6.226260  
-13.356800  6.226260  
-12.791200  6.226260  
-12.225600  6.226260  
-11.660000  6.226260  
-11.094400  6.226260  
-10.528800  6.226260  
-9.963240  6.226260  
-9.397640  6.226260  
-8.832040  6.226260  
-8.266450  6.226260  
-7.700850  6.226260  
-7.135250  6.226260  
-6.569660  6.226260  
-6.004060  6.226260  
-5.438460  6.226260  
-4.872870  6.226260  
-4.307270  6.226260  
-3.741670  6.226260  
-3.176070  6.226260  
-2.610480  6.226260  
-2.044880  6.226260  
-1.479280  6.226260  
-0.913687  6.226260  
-0.348091  6.226260  
0.217506  6.226260  
0.783103  6.226260  
1.348700  6.226260  
1.914300  6.226260  
2.479890  6.226260  
3.045490  6.226260  
3.611090  6.226260  
4.176680  6.226260  
4.742280  6.226260  
5.307880  6.226260  
5.873470  6.226260  
6.439070  6.226260  
7.004670  6.226260  
7.570260  6.226260  
8.135860  6.226260  
8.701460  6.226260  
9.267060  6.226260  
9.832650  6.226260  
-14.488000  5.660670  
-13.922400  5.660670  
-13.356800  5.660670  
-12.791200  5.660670  
-12.225600  5.660670  
-11.660000  5.660670  
-11.094400  5.660670  
-10.528800  5.660670  
-9.963240  5.660670  
-9.397640  5.660670  
-8.832040  5.660670  
-8.266450  5.660670  
-7.700850  5.660670  
-7.135250  5.660670  
-6.569660  5.660670  
-6.004060  5.660670  
-5.438460  5.660670  
-4.872870  5.660670  
-4.307270  5.660670  
-3.741670  5.660670  
-3.176070  5.660670  
-2.610480  5.660670  
-2.044880  5.660670  
-1.479280  5.660670  
-0.913687  5.660670  
-0.348091  5.660670  
0.217506  5.660670  
0.783103  5.660670  
1.348700  5.660670  
1.914300  5.660670  
2.479890  5.660670  
3.045490  5.660670  
3.611090  5.660670  
4.176680  5.660670  
4.742280  5.660670  
5.307880  5.660670  
5.873470  5.660670  
6.439070  5.660670  
7.004670  5.660670  
7.570260  5.660670  
8.135860  5.660670  
8.701460  5.660670  
9.267060  5.660670  
9.832650  5.660670  
-14.488000  5.095070  
-13.922400  5.095070  
-13.356800  5.095070  
-12.791200  5.095070  
-12.225600  5.095070  
-11.660000  5.095070  
-11.094400  5.095070  
-10.528800  5.095070  
-9.963240  5.095070  
-9.397640  5.095070  
-8.832040  5.095070  
-8.266450  5.095070  
-7.700850  5.095070  
-7.135250  5.095070  
-6.569660  5.095070  
-6.004060  5.095070  
-5.438460  5.095070  
-4.872870  5.095070  
-4.307270  5.095070  
-3.741670  5.095070  
-3.176070  5.095070  
-2.610480  5.095070  
-2.044880  5.095070  
-1.479280  5.095070  
-0.913687  5.095070  
-0.348091  5.095070  
0.217506  5.095070  
0.783103  5.095070  
1.348700  5.095070  
1.914300  5.095070  
2.479890  5.095070  
3.045490  5.095070  
3.611090  5.095070  
4.176680  5.095070  
4.742280  5.095070  
5.307880  5.095070  
5.873470  5.095070  
6.439070  5.095070  
7.004670  5.095070  
7.570260  5.095070  
8.135860  5.095070  
8.701460  5.095070  
9.267060  5.095070  
9.832650  5.095070  
-14.488000  4.529470  
-13.922400  4.529470  
-13.356800  4.529470  
-12.791200  4.529470  
-12.225600  4.529470  
-11.660000  4.529470  
-11.094400  4.529470  
-10.528800  4.529470  
-9.963240  4.529470  
-9.397640  4.529470  
-8.832040  4.529470  
-8.266450  4.529470  
-7.700850  4.529470  
-7.135250  4.529470  
-6.569660  4.529470  
-6.004060  4.529470  
-5.438460  4.529470  
-4.872870  4.529470  
-4.307270  4.529470  
-3.741670  4.529470  
-3.176070  4.529470  
-2.610480  4.529470  
-2.044880  4.529470  
-1.479280  4.529470  
-0.913687  4.529470  
-0.348091  4.529470  
0.217506  4.529470  
0.783103  4.529470  
1.348700  4.529470  
1.914300  4.529470  
2.479890  4.529470  
3.045490  4.529470  
3.611090  4.529470  
4.176680  4.529470  
4.742280  4.529470  
5.307880  4.529470  
5.873470  4.529470  
6.439070  4.529470  
7.004670  4.529470  
7.570260  4.529470  
8.135860  4.529470  
8.701460  4.529470  
9.267060  4.529470  
9.832650  4.529470  
-14.488000  3.963870  
-13.922400  3.963870  
-13.356800  3.963870  
-12.791200  3.963870  
-12.225600  3.963870  
-11.660000  3.963870  
-11.094400  3.963870  
-10.528800  3.963870  
-9.963240  3.963870  
-9.397640  3.963870  
-8.832040  3.963870  
-8.266450  3.963870  
-7.700850  3.963870  
-7.135250  3.963870  
-6.569660  3.963870  
-6.004060  3.963870  
-5.438460  3.963870  
-4.872870  3.963870  
-4.307270  3.963870  
-3.741670  3.963870  
-3.176070  3.963870  
-2.610480  3.963870  
-2.044880  3.963870  
-1.479280  3.963870  
-0.913687  3.963870  
-0.348091  3.963870  
0.217506  3.963870  
0.783103  3.963870  
1.348700  3.963870  
1.914300  3.963870  
2.479890  3.963870  
3.045490  3.963870  
3.611090  3.963870  
4.176680  3.963870  
4.742280  3.963870  
5.307880  3.963870  
5.873470  3.963870  
6.439070  3.963870  
7.004670  3.963870  
7.570260  3.963870  
8.135860  3.963870  
8.701460  3.963870  
9.267060  3.963870  
9.832650  3.963870  
-14.488000  3.398280  
-13.922400  3.398280  
-13.356800  3.398280  
-12.791200  3.398280  
-12.225600  3.398280  
-11.660000  3.398280  
-11.094400  3.398280  
-10.528800  3.398280  
-9.963240  3.398280  
-9.397640  3.398280  
-8.832040  3.398280  
-8.266450  3.398280  
-7.700850  3.398280  
-7.135250  3.398280  
-6.569660  3.398280  
-6.004060  3.398280  
-5.438460  3.398280  
-4.872870  3.398280  
-4.307270  3.398280  
-3.741670  3.398280  
-3.176070  3.398280  
-2.610480  3.398280  
-2.044880  3.398280  
-1.479280  3.398280  
-0.913687  3.398280  
-0.348091  3.398280  
0.217506  3.398280  
0.783103  3.398280  
1.348700  3.398280  
1.914300  3.398280  
2.479890  3.398280  
3.045490  3.398280  
3.611090  3.398280  
4.176680  3.398280  
4.742280  3.398280  
5.307880  3.398280  
5.873470  3.398280  
6.439070  3.398280  
7.004670  3.398280  
7.570260  3.398280  
8.135860  3.398280  
8.701460  3.398280  
9.267060  3.398280  
9.832650  3.398280  
-14.488000  2.832680  
-13.922400  2.832680  
-13.356800  2.832680  
-12.791200  2.832680  
-12.225600  2.832680  
-11.660000  2.832680  
-11.094400  2.832680  
-10.528800  2.832680  
-9.963240  2.832680  
-9.397640  2.832680  
-8.832040  2.832680  
-8.266450  2.832680  
-7.700850  2.832680  
-7.135250  2.832680  
-6.569660  2.832680  
-6.004060  2.832680  
-5.438460  2.832680  
-4.872870  2.832680  
-4.307270  2.832680  
-3.741670  2.832680  
-3.176070  2.832680  
-2.610480  2.832680  
-2.044880  2.832680  
-1.479280  2.832680  
-0.913687  2.832680  
-0.348091  2.832680  
0.217506  2.832680  
0.783103  2.832680  
1.348700  2.832680  
1.914300  2.832680  
2.479890  2.832680  
3.045490  2.832680  
3.611090  2.832680  
4.176680  2.832680  
4.742280  2.832680  
5.307880  2.832680  
5.873470  2.832680  
6.439070  2.832680  
7.004670  2.832680  
7.570260  2.832680  
8.135860  2.832680  
8.701460  2.832680  
9.267060  2.832680  
9.832650  2.832680  
-14.488000  2.267080  
-13.922400  2.267080  
-13.356800  2.267080  
-12.791200  2.267080  
-12.225600  2.267080  
-11.660000  2.267080  
-11.094400  2.267080  
-10.528800  2.267080  
-9.963240  2.267080  
-9.397640  2.267080  
-8.832040  2.267080  
-8.266450  2.267080  
-7.700850  2.267080  
-7.135250  2.267080  
-6.569660  2.267080  
-6.004060  2.267080  
-5.438460  2.267080  
-4.872870  2.267080  
-4.307270  2.267080  
-3.741670  2.267080  
-3.176070  2.267080  
-2.610480  2.267080  
-2.044880  2.267080  
-1.479280  2.267080  
-0.913687  2.267080  
-0.348091  2.267080  
0.217506  2.267080  
0.783103  2.267080  
1.348700  2.267080  
1.914300  2.267080  
2.479890  2.267080  
3.045490  2.267080  
3.611090  2.267080  
4.176680  2.267080  
4.742280  2.267080  
5.307880  2.267080  
5.873470  2.267080  
6.439070  2.267080  
7.004670  2.267080  
7.570260  2.267080  
8.135860  2.267080  
8.701460  2.267080  
9.267060  2.267080  
9.832650  2.267080  
-14.488000  1.701490  
-13.922400  1.701490  
-13.356800  1.701490  
-12.791200  1.701490  
-12.225600  1.701490  
-11.660000  1.701490  
-11.094400  1.701490  
-10.528800  1.701490  
-9.963240  1.701490  
-9.397640  1.701490  
-8.832040  1.701490  
-8.266450  1.701490  
-7.700850  1.701490  
-7.135250  1.701490  
-6.569660  1.701490  
-6.004060  1.701490  
-5.438460  1.701490  
-4.872870  1.701490  
-4.307270  1.701490  
-3.741670  1.701490  
-3.176070  1.701490  
-2.610480  1.701490  
-2.044880  1.701490  
-1.479280  1.701490  
-0.913687  1.701490  
-0.348091  1.701490  
0.217506  1.701490  
0.783103  1.701490  
1.348700  1.701490  
1.914300  1.701490  
2.479890  1.701490  
3.045490  1.701490  
3.611090  1.701490  
4.176680  1.701490  
4.742280  1.701490  
5.307880  1.701490  
5.873470  1.701490  
6.439070  1.701490  
7.004670  1.701490  
7.570260  1.701490  
8.135860  1.701490  
8.701460  1.701490  
9.267060  1.701490  
9.832650  1.701490  
-14.488000  1.135890  
-13.922400  1.135890  
-13.356800  1.135890  
-12.791200  1.135890  
-12.225600  1.135890  
-11.660000  1.135890  
-11.094400  1.135890  
-10.528800  1.135890  
-9.963240  1.135890  
-9.397640  1.135890  
-8.832040  1.135890  
-8.266450  1.135890  
-7.700850  1.135890  
-7.135250  1.135890  
-6.569660  1.135890  
-6.004060  1.135890  
-5.438460  1.135890  
-4.872870  1.135890  
-4.307270  1.135890  
-3.741670  1.135890  
-3.176070  1.135890  
-2.610480  1.135890  
-2.044880  1.135890  
-1.479280  1.135890  
-0.913687  1.135890  
-0.348091  1.135890  
0.217506  1.135890  
0.783103  1.135890  
1.348700  1.135890  
1.914300  1.135890  
2.479890  1.135890  
3.045490  1.135890  
3.611090  1.135890  
4.176680  1.135890  
4.742280  1.135890  
5.307880  1.135890  
5.873470  1.135890  
6.439070  1.135890  
7.004670  1.135890  
7.570260  1.135890  
8.135860  1.135890  
8.701460  1.135890  
9.267060  1.135890  
9.832650  1.135890  
-14.488000  0.570294  
-13.922400  0.570294  
-13.356800  0.570294  
-12.791200  0.570294  
-12.225600  0.570294  
-11.660000  0.570294  
-11.094400  0.570294  
-10.528800  0.570294  
-9.963240  0.570294  
-9.397640  0.570294  
-8.832040  0.570294  
-8.266450  0.570294  
-7.700850  0.570294  
-7.135250  0.570294  
-6.569660  0.570294  
-6.004060  0.570294  
-5.438460  0.570294  
-4.872870  0.570294  
-4.307270  0.570294  
-3.741670  0.570294  
-3.176070  0.570294  
-2.610480  0.570294  
-2.044880  0.570294  
-1.479280  0.570294  
-0.913687  0.570294  
-0.348091  0.570294  
0.217506  0.570294  
0.783103  0.570294  
1.348700  0.570294  
1.914300  0.570294  
2.479890  0.570294  
3.045490  0.570294  
3.611090  0.570294  
4.176680  0.570294  
4.742280  0.570294  
5.307880  0.570294  
5.873470  0.570294  
6.439070  0.570294  
7.004670  0.570294  
7.570260  0.570294  
8.135860  0.570294  
8.701460  0.570294  
9.267060  0.570294  
9.832650  0.570294  
-14.488000  0.004697  
-13.922400  0.004697  
-13.356800  0.004697  
-12.791200  0.004697  
-12.225600  0.004697  
-11.660000  0.004697  
-11.094400  0.004697  
-10.528800  0.004697  
-9.963240  0.004697  
-9.397640  0.004697  
-8.832040  0.004697  
-8.266450  0.004697  
-7.700850  0.004697  
-7.135250  0.004697  
-6.569660  0.004697  
-6.004060  0.004697  
-5.438460  0.004697  
-4.872870  0.004697  
-4.307270  0.004697  
-3.741670  0.004697  
-3.176070  0.004697  
-2.610480  0.004697  
-2.044880  0.004697  
-1.479280  0.004697  
-0.913687  0.004697  
-0.348091  0.004697  
0.217506  0.004697  
0.783103  0.004697  
1.348700  0.004697  
1.914300  0.004697  
2.479890  0.004697  
3.045490  0.004697  
3.611090  0.004697  
4.176680  0.004697  
4.742280  0.004697  
5.307880  0.004697  
5.873470  0.004697  
6.439070  0.004697  
7.004670  0.004697  
7.570260  0.004697  
8.135860  0.004697  
8.701460  0.004697  
9.267060  0.004697  
9.832650  0.004697  
-14.488000  -0.560900  
-13.922400  -0.560900  
-13.356800  -0.560900  
-12.791200  -0.560900  
-12.225600  -0.560900  
-11.660000  -0.560900  
-11.094400  -0.560900  
-10.528800  -0.560900  
-9.963240  -0.560900  
-9.397640  -0.560900  
-8.832040  -0.560900  
-8.266450  -0.560900  
-7.700850  -0.560900  
-7.135250  -0.560900  
-6.569660  -0.560900  
-6.004060  -0.560900  
-5.438460  -0.560900  
-4.872870  -0.560900  
-4.307270  -0.560900  
-3.741670  -0.560900  
-3.176070  -0.560900  
-2.610480  -0.560900  
-2.044880  -0.560900  
-1.479280  -0.560900  
-0.913687  -0.560900  
-0.348091  -0.560900  
0.217506  -0.560900  
0.783103  -0.560900  
1.348700  -0.560900  
1.914300  -0.560900  
2.479890  -0.560900  
3.045490  -0.560900  
3.611090  -0.560900  
4.176680  -0.560900  
4.742280  -0.560900  
5.307880  -0.560900  
5.873470  -0.560900  
6.439070  -0.560900  
7.004670  -0.560900  
7.570260  -0.560900  
8.135860  -0.560900  
8.701460  -0.560900  
9.267060  -0.560900  
9.832650  -0.560900  
-14.488000  -1.126500  
-13.922400  -1.126500  
-13.356800  -1.126500  
-12.791200  -1.126500  
-12.225600  -1.126500  
-11.660000  -1.126500  
-11.094400  -1.126500  
-10.528800  -1.126500  
-9.963240  -1.126500  
-9.397640  -1.126500  
-8.832040  -1.126500  
-8.266450  -1.126500  
-7.700850  -1.126500  
-7.135250  -1.126500  
-6.569660  -1.126500  
-6.004060  -1.126500  
-5.438460  -1.126500  
-4.872870  -1.126500  
-4.307270  -1.126500  
-3.741670  -1.126500  
-3.176070  -1.126500  
-2.610480  -1.126500  
-2.044880  -1.126500  
-1.479280  -1.126500  
-0.913687  -1.126500  
-0.348091  -1.126500  
0.217506  -1.126500  
0.783103  -1.126500  
1.348700  -1.126500  
1.914300  -1.126500  
2.479890  -1.126500  
3.045490  -1.126500  
3.611090  -1.126500  
4.176680  -1.126500  
4.742280  -1.126500  
5.307880  -1.126500  
5.873470  -1.126500  
6.439070  -1.126500  
7.004670  -1.126500  
7.570260  -1.126500  
8.135860  -1.126500  
8.701460  -1.126500  
9.267060  -1.126500  
9.832650  -1.126500  
-14.488000  -1.692090  
-13.922400  -1.692090  
-13.356800  -1.692090  
-12.791200  -1.692090  
-12.225600  -1.692090  
-11.660000  -1.692090  
-11.094400  -1.692090  
-10.528800  -1.692090  
-9.963240  -1.692090  
-9.397640  -1.692090  
-8.832040  -1.692090  
-8.266450  -1.692090  
-7.700850  -1.692090  
-7.135250  -1.692090  
-6.569660  -1.692090  
-6.004060  -1.692090  
-5.438460  -1.692090  
-4.872870  -1.692090  
-4.307270  -1.692090  
-3.741670  -1.692090  
-3.176070  -1.692090  
-2.610480  -1.692090  
-2.044880  -1.692090  
-1.479280  -1.692090  
-0.913687  -1.692090  
-0.348091  -1.692090  
0.217506  -1.692090  
0.783103  -1.692090  
1.348700  -1.692090  
1.914300  -1.692090  
2.479890  -1.692090  
3.045490  -1.692090  
3.611090  -1.692090  
4.176680  -1.692090  
4.742280  -1.692090  
5.307880  -1.692090  
5.873470  -1.692090  
6.439070  -1.692090  
7.004670  -1.692090  
7.570260  -1.692090  
8.135860  -1.692090  
8.701460  -1.692090  
9.267060  -1.692090  
9.832650  -1.692090  
-14.488000  -2.257690  
-13.922400  -2.257690  
-13.356800  -2.257690  
-12.791200  -2.257690  
-12.225600  -2.257690  
-11.660000  -2.257690  
-11.094400  -2.257690  
-10.528800  -2.257690  
-9.963240  -2.257690  
-9.397640  -2.257690  
-8.832040  -2.257690  
-8.266450  -2.257690  
-7.700850  -2.257690  
-7.135250  -2.257690  
-6.569660  -2.257690  
-6.004060  -2.257690  
-5.438460  -2.257690  
-4.872870  -2.257690  
-4.307270  -2.257690  
-3.741670  -2.257690  
-3.176070  -2.257690  
-2.610480  -2.257690  
-2.044880  -2.257690  
-1.479280  -2.257690  
-0.913687  -2.257690  
-0.348091  -2.257690  
0.217506  -2.257690  
0.783103  -2.257690  
1.348700  -2.257690  
1.914300  -2.257690  
2.479890  -2.257690  
3.045490  -2.257690  
3.611090  -2.257690  
4.176680  -2.257690  
4.742280  -2.257690  
5.307880  -2.257690  
5.873470  -2.257690  
6.439070  -2.257690  
7.004670  -2.257690  
7.570260  -2.257690  
8.135860  -2.257690  
8.701460  -2.257690  
9.267060  -2.257690  
9.832650  -2.257690  
-14.488000  -2.823290  
-13.922400  -2.823290  
-13.356800  -2.823290  
-12.791200  -2.823290  
-12.225600  -2.823290  
-11.660000  -2.823290  
-11.094400  -2.823290  
-10.528800  -2.823290  
-9.963240  -2.823290  
-9.397640  -2.823290  
-8.832040  -2.823290  
-8.266450  -2.823290  
-7.700850  -2.823290  
-7.135250  -2.823290  
-6.569660  -2.823290  
-6.004060  -2.823290  
-5.438460  -2.823290  
-4.872870  -2.823290  
-4.307270  -2.823290  
-3.741670  -2.823290  
-3.176070  -2.823290  
-2.610480  -2.823290  
-2.044880  -2.823290  
-1.479280  -2.823290  
-0.913687  -2.823290  
-0.348091  -2.823290  
0.217506  -2.823290  
0.783103  -2.823290  
1.348700  -2.823290  
1.914300  -2.823290  
2.479890  -2.823290  
3.045490  -2.823290  
3.611090  -2.823290  
4.176680  -2.823290  
4.742280  -2.823290  
5.307880  -2.823290  
5.873470  -2.823290  
6.439070  -2.823290  
7.004670  -2.823290  
7.570260  -2.823290  
8.135860  -2.823290  
8.701460  -2.823290  
9.267060  -2.823290  
9.832650  -2.823290  
-14.488000  -3.388880  
-13.922400  -3.388880  
-13.356800  -3.388880  
-12.791200  -3.388880  
-12.225600  -3.388880  
-11.660000  -3.388880  
-11.094400  -3.388880  
-10.528800  -3.388880  
-9.963240  -3.388880  
-9.397640  -3.388880  
-8.832040  -3.388880  
-8.266450  -3.388880  
-7.700850  -3.388880  
-7.135250  -3.388880  
-6.569660  -3.388880  
-6.004060  -3.388880  
-5.438460  -3.388880  
-4.872870  -3.388880  
-4.307270  -3.388880  
-3.741670  -3.388880  
-3.176070  -3.388880  
-2.610480  -3.388880  
-2.044880  -3.388880  
-1.479280  -3.388880  
-0.913687  -3.388880  
-0.348091  -3.388880  
0.217506  -3.388880  
0.783103  -3.388880  
1.348700  -3.388880  
1.914300  -3.388880  
2.479890  -3.388880  
3.045490  -3.388880  
3.611090  -3.388880  
4.176680  -3.388880  
4.742280  -3.388880  
5.307880  -3.388880  
5.873470  -3.388880  
6.439070  -3.388880  
7.004670  -3.388880  
7.570260  -3.388880  
8.135860  -3.388880  
8.701460  -3.388880  
9.267060  -3.388880  
9.832650  -3.388880  
-14.488000  -3.954480  
-13.922400  -3.954480  
-13.356800  -3.954480  
-12.791200  -3.954480  
-12.225600  -3.954480  
-11.660000  -3.954480  
-11.094400  -3.954480  
-10.528800  -3.954480  
-9.963240  -3.954480  
-9.397640  -3.954480  
-8.832040  -3.954480  
-8.266450  -3.954480  
-7.700850  -3.954480  
-7.135250  -3.954480  
-6.569660  -3.954480  
-6.004060  -3.954480  
-5.438460  -3.954480  
-4.872870  -3.954480  
-4.307270  -3.954480  
-3.741670  -3.954480  
-3.176070  -3.954480  
-2.610480  -3.954480  
-2.044880  -3.954480  
-1.479280  -3.954480  
-0.913687  -3.954480  
-0.348091  -3.954480  
0.217506  -3.954480  
0.783103  -3.954480  
1.348700  -3.954480  
1.914300  -3.954480  
2.479890  -3.954480  
3.045490  -3.954480  
3.611090  -3.954480  
4.176680  -3.954480  
4.742280  -3.954480  
5.307880  -3.954480  
5.873470  -3.954480  
6.439070  -3.954480  
7.004670  -3.954480  
7.570260  -3.954480  
8.135860  -3.954480  
8.701460  -3.954480  
9.267060  -3.954480  
9.832650  -3.954480  
-14.488000  -4.520080  
-13.922400  -4.520080  
-13.356800  -4.520080  
-12.791200  -4.520080  
-12.225600  -4.520080  
-11.660000  -4.520080  
-11.094400  -4.520080  
-10.528800  -4.520080  
-9.963240  -4.520080  
-9.397640  -4.520080  
-8.832040  -4.520080  
-8.266450  -4.520080  
-7.700850  -4.520080  
-7.135250  -4.520080  
-6.569660  -4.520080  
-6.004060  -4.520080  
-5.438460  -4.520080  
-4.872870  -4.520080  
-4.307270  -4.520080  
-3.741670  -4.520080  
-3.176070  -4.520080  
-2.610480  -4.520080  
-2.044880  -4.520080  
-1.479280  -4.520080  
-0.913687  -4.520080  
-0.348091  -4.520080  
0.217506  -4.520080  
0.783103  -4.520080  
1.348700  -4.520080  
1.914300  -4.520080  
2.479890  -4.520080  
3.045490  -4.520080  
3.611090  -4.520080  
4.176680  -4.520080  
4.742280  -4.520080  
5.307880  -4.520080  
5.873470  -4.520080  
6.439070  -4.520080  
7.004670  -4.520080  
7.570260  -4.520080  
8.135860  -4.520080  
8.701460  -4.520080  
9.267060  -4.520080  
9.832650  -4.520080  
-14.488000  -5.085670  
-13.922400  -5.085670  
-13.356800  -5.085670  
-12.791200  -5.085670  
-12.225600  -5.085670  
-11.660000  -5.085670  
-11.094400  -5.085670  
-10.528800  -5.085670  
-9.963240  -5.085670  
-9.397640  -5.085670  
-8.832040  -5.085670  
-8.266450  -5.085670  
-7.700850  -5.085670  
-7.135250  -5.085670  
-6.569660  -5.085670  
-6.004060  -5.085670  
-5.438460  -5.085670  
-4.872870  -5.085670  
-4.307270  -5.085670  
-3.741670  -5.085670  
-3.176070  -5.085670  
-2.610480  -5.085670  
-2.044880  -5.085670  
-1.479280  -5.085670  
-0.913687  -5.085670  
-0.348091  -5.085670  
0.217506  -5.085670  
0.783103  -5.085670  
1.348700  -5.085670  
1.914300  -5.085670  
2.479890  -5.085670  
3.045490  -5.085670  
3.611090  -5.085670  
4.176680  -5.085670  
4.742280  -5.085670  
5.307880  -5.085670  
5.873470  -5.085670  
6.439070  -5.085670  
7.004670  -5.085670  
7.570260  -5.085670  
8.135860  -5.085670  
8.701460  -5.085670  
9.267060  -5.085670  
9.832650  -5.085670  
-14.488000  -5.651270  
-13.922400  -5.651270  
-13.356800  -5.651270  
-12.791200  -5.651270  
-12.225600  -5.651270  
-11.660000  -5.651270  
-11.094400  -5.651270  
-10.528800  -5.651270  
-9.963240  -5.651270  
-9.397640  -5.651270  
-8.832040  -5.651270  
-8.266450  -5.651270  
-7.700850  -5.651270  
-7.135250  -5.651270  
-6.569660  -5.651270  
-6.004060  -5.651270  
-5.438460  -5.651270  
-4.872870  -5.651270  
-4.307270  -5.651270  
-3.741670  -5.651270  
-3.176070  -5.651270  
-2.610480  -5.651270  
-2.044880  -5.651270  
-1.479280  -5.651270  
-0.913687  -5.651270  
-0.348091  -5.651270  
0.217506  -5.651270  
0.783103  -5.651270  
1.348700  -5.651270  
1.914300  -5.651270  
2.479890  -5.651270  
3.045490  -5.651270  
3.611090  -5.651270  
4.176680  -5.651270  
4.742280  -5.651270  
5.307880  -5.651270  
5.873470  -5.651270  
6.439070  -5.651270  
7.004670  -5.651270  
7.570260  -5.651270  
8.135860  -5.651270  
8.701460  -5.651270  
9.267060  -5.651270  
9.832650  -5.651270  
-14.488000  -6.216870  
-13.922400  -6.216870  
-13.356800  -6.216870  
-12.791200  -6.216870  
-12.225600  -6.216870  
-11.660000  -6.216870  
-11.094400  -6.216870  
-10.528800  -6.216870  
-9.963240  -6.216870  
-9.397640  -6.216870  
-8.832040  -6.216870  
-8.266450  -6.216870  
-7.700850  -6.216870  
-7.135250  -6.216870  
-6.569660  -6.216870  
-6.004060  -6.216870  
-5.438460  -6.216870  
-4.872870  -6.216870  
-4.307270  -6.216870  
-3.741670  -6.216870  
-3.176070  -6.216870  
-2.610480  -6.216870  
-2.044880  -6.216870  
-1.479280  -6.216870  
-0.913687  -6.216870  
-0.348091  -6.216870  
0.217506  -6.216870  
0.783103  -6.216870  
1.348700  -6.216870  
1.914300  -6.216870  
2.479890  -6.216870  
3.045490  -6.216870  
3.611090  -6.216870  
4.176680  -6.216870  
4.742280  -6.216870  
5.307880  -6.216870  
5.873470  -6.216870  
6.439070  -6.216870  
7.004670  -6.216870  
7.570260  -6.216870  
8.135860  -6.216870  
8.701460  -6.216870  
9.267060  -6.216870  
9.832650  -6.216870  
-14.488000  -6.782460  
-13.922400  -6.782460  
-13.356800  -6.782460  
-12.791200  -6.782460  
-12.225600  -6.782460  
-11.660000  -6.782460  
-11.094400  -6.782460  
-10.528800  -6.782460  
-9.963240  -6.782460  
-9.397640  -6.782460  
-8.832040  -6.782460  
-8.266450  -6.782460  
-7.700850  -6.782460  
-7.135250  -6.782460  
-6.569660  -6.782460  
-6.004060  -6.782460  
-5.438460  -6.782460  
-4.872870  -6.782460  
-4.307270  -6.782460  
-3.741670  -6.782460  
-3.176070  -6.782460  
-2.610480  -6.782460  
-2.044880  -6.782460  
-1.479280  -6.782460  
-0.913687  -6.782460  
-0.348091  -6.782460  
0.217506  -6.782460  
0.783103  -6.782460  
1.348700  -6.782460  
1.914300  -6.782460  
2.479890  -6.782460  
3.045490  -6.782460  
3.611090  -6.782460  
4.176680  -6.782460  
4.742280  -6.782460  
5.307880  -6.782460  
5.873470  -6.782460  
6.439070  -6.782460  
7.004670  -6.782460  
7.570260  -6.782460  
8.135860  -6.782460  
8.701460  -6.782460  
9.267060  -6.782460  
9.832650  -6.782460  
-14.488000  -7.348060  
-13.922400  -7.348060  
-13.356800  -7.348060  
-12.791200  -7.348060  
-12.225600  -7.348060  
-11.660000  -7.348060  
-11.094400  -7.348060  
-10.528800  -7.348060  
-9.963240  -7.348060  
-9.397640  -7.348060  
-8.832040  -7.348060  
-8.266450  -7.348060  
-7.700850  -7.348060  
-7.135250  -7.348060  
-6.569660  -7.348060  
-6.004060  -7.348060  
-5.438460  -7.348060  
-4.872870  -7.348060  
-4.307270  -7.348060  
-3.741670  -7.348060  
-3.176070  -7.348060  
-2.610480  -7.348060  
-2.044880  -7.348060  
-1.479280  -7.348060  
-0.913687  -7.348060  
-0.348091  -7.348060  
0.217506  -7.348060  
0.783103  -7.348060  
1.348700  -7.348060  
1.914300  -7.348060  
2.479890  -7.348060  
3.045490  -7.348060  
3.611090  -7.348060  
4.176680  -7.348060  
4.742280  -7.348060  
5.307880  -7.348060  
5.873470  -7.348060  
6.439070  -7.348060  
7.004670  -7.348060  
7.570260  -7.348060  
8.135860  -7.348060  
8.701460  -7.348060  
9.267060  -7.348060  
9.832650  -7.348060  
-14.488000  -7.913660  
-13.922400  -7.913660  
-13.356800  -7.913660  
-12.791200  -7.913660  
-12.225600  -7.913660  
-11.660000  -7.913660  
-11.094400  -7.913660  
-10.528800  -7.913660  
-9.963240  -7.913660  
-9.397640  -7.913660  
-8.832040  -7.913660  
-8.266450  -7.913660  
-7.700850  -7.913660  
-7.135250  -7.913660  
-6.569660  -7.913660  
-6.004060  -7.913660  
-5.438460  -7.913660  
-4.872870  -7.913660  
-4.307270  -7.913660  
-3.741670  -7.913660  
-3.176070  -7.913660  
-2.610480  -7.913660  
-2.044880  -7.913660  
-1.479280  -7.913660  
-0.913687  -7.913660  
-0.348091  -7.913660  
0.217506  -7.913660  
0.783103  -7.913660  
1.348700  -7.913660  
1.914300  -7.913660  
2.479890  -7.913660  
3.045490  -7.913660  
3.611090  -7.913660  
4.176680  -7.913660  
4.742280  -7.913660  
5.307880  -7.913660  
5.873470  -7.913660  
6.439070  -7.913660  
7.004670  -7.913660  
7.570260  -7.913660  
8.135860  -7.913660  
8.701460  -7.913660  
9.267060  -7.913660  
9.832650  -7.913660  
-14.488000  -8.479260  
-13.922400  -8.479260  
-13.356800  -8.479260  
-12.791200  -8.479260  
-12.225600  -8.479260  
-11.660000  -8.479260  
-11.094400  -8.479260  
-10.528800  -8.479260  
-9.963240  -8.479260  
-9.397640  -8.479260  
-8.832040  -8.479260  
-8.266450  -8.479260  
-7.700850  -8.479260  
-7.135250  -8.479260  
-6.569660  -8.479260  
-6.004060  -8.479260  
-5.438460  -8.479260  
-4.872870  -8.479260  
-4.307270  -8.479260  
-3.741670  -8.479260  
-3.176070  -8.479260  
-2.610480  -8.479260  
-2.044880  -8.479260  
-1.479280  -8.479260  
-0.913687  -8.479260  
-0.348091  -8.479260  
0.217506  -8.479260  
0.783103  -8.479260  
1.348700  -8.479260  
1.914300  -8.479260  
2.479890  -8.479260  
3.045490  -8.479260  
3.611090  -8.479260  
4.176680  -8.479260  
4.742280  -8.479260  
5.307880  -8.479260  
5.873470  -8.479260  
6.439070  -8.479260  
7.004670  -8.479260  
7.570260  -8.479260  
8.135860  -8.479260  
8.701460  -8.479260  
9.267060  -8.479260  
9.832650  -8.479260  
-14.488000  -9.044850  
-13.922400  -9.044850  
-13.356800  -9.044850  
-12.791200  -9.044850  
-12.225600  -9.044850  
-11.660000  -9.044850  
-11.094400  -9.044850  
-10.528800  -9.044850  
-9.963240  -9.044850  
-9.397640  -9.044850  
-8.832040  -9.044850  
-8.266450  -9.044850  
-7.700850  -9.044850  
-7.135250  -9.044850  
-6.569660  -9.044850  
-6.004060  -9.044850  
-5.438460  -9.044850  
-4.872870  -9.044850  
-4.307270  -9.044850  
-3.741670  -9.044850  
-3.176070  -9.044850  
-2.610480  -9.044850  
-2.044880  -9.044850  
-1.479280  -9.044850  
-0.913687  -9.044850  
-0.348091  -9.044850  
0.217506  -9.044850  
0.783103  -9.044850  
1.348700  -9.044850  
1.914300  -9.044850  
2.479890  -9.044850  
3.045490  -9.044850  
3.611090  -9.044850  
4.176680  -9.044850  
4.742280  -9.044850  
5.307880  -9.044850  
5.873470  -9.044850  
6.439070  -9.044850  
7.004670  -9.044850  
7.570260  -9.044850  
8.135860  -9.044850  
8.701460  -9.044850  
9.267060  -9.044850  
9.832650  -9.044850  
-14.488000  -9.610450  
-13.922400  -9.610450  
-13.356800  -9.610450  
-12.791200  -9.610450  
-12.225600  -9.610450  
-11.660000  -9.610450  
-11.094400  -9.610450  
-10.528800  -9.610450  
-9.963240  -9.610450  
-9.397640  -9.610450  
-8.832040  -9.610450  
-8.266450  -9.610450  
-7.700850  -9.610450  
-7.135250  -9.610450  
-6.569660  -9.610450  
-6.004060  -9.610450  
-5.438460  -9.610450  
-4.872870  -9.610450  
-4.307270  -9.610450  
-3.741670  -9.610450  
-3.176070  -9.610450  
-2.610480  -9.610450  
-2.044880  -9.610450  
-1.479280  -9.610450  
-0.913687  -9.610450  
-0.348091  -9.610450  
0.217506  -9.610450  
0.783103  -9.610450  
1.348700  -9.610450  
1.914300  -9.610450  
2.479890  -9.610450  
3.045490  -9.610450  
3.611090  -9.610450  
4.176680  -9.610450  
4.742280  -9.610450  
5.307880  -9.610450  
5.873470  -9.610450  
6.439070  -9.610450  
7.004670  -9.610450  
7.570260  -9.610450  
8.135860  -9.610450  
8.701460  -9.610450  
9.267060  -9.610450  
9.832650  -9.610450  
-14.488000  -10.176000  
-13.922400  -10.176000  
-13.356800  -10.176000  
-12.791200  -10.176000  
-12.225600  -10.176000  
-11.660000  -10.176000  
-11.094400  -10.176000  
-10.528800  -10.176000  
-9.963240  -10.176000  
-9.397640  -10.176000  
-8.832040  -10.176000  
-8.266450  -10.176000  
-7.700850  -10.176000  
-7.135250  -10.176000  
-6.569660  -10.176000  
-6.004060  -10.176000  
-5.438460  -10.176000  
-4.872870  -10.176000  
-4.307270  -10.176000  
-3.741670  -10.176000  
-3.176070  -10.176000  
-2.610480  -10.176000  
-2.044880  -10.176000  
-1.479280  -10.176000  
-0.913687  -10.176000  
-0.348091  -10.176000  
0.217506  -10.176000  
0.783103  -10.176000  
1.348700  -10.176000  
1.914300  -10.176000  
2.479890  -10.176000  
3.045490  -10.176000  
3.611090  -10.176000  
4.176680  -10.176000  
4.742280  -10.176000  
5.307880  -10.176000  
5.873470  -10.176000  
6.439070  -10.176000  
7.004670  -10.176000  
7.570260  -10.176000  
8.135860  -10.176000  
8.701460  -10.176000  
9.267060  -10.176000  
9.832650  -10.176000  
-14.488000  -10.741600  
-13.922400  -10.741600  
-13.356800  -10.741600  
-12.791200  -10.741600  
-12.225600  -10.741600  
-11.660000  -10.741600  
-11.094400  -10.741600  
-10.528800  -10.741600  
-9.963240  -10.741600  
-9.397640  -10.741600  
-8.832040  -10.741600  
-8.266450  -10.741600  
-7.700850  -10.741600  
-7.135250  -10.741600  
-6.569660  -10.741600  
-6.004060  -10.741600  
-5.438460  -10.741600  
-4.872870  -10.741600  
-4.307270  -10.741600  
-3.741670  -10.741600  
-3.176070  -10.741600  
-2.610480  -10.741600  
-2.044880  -10.741600  
-1.479280  -10.741600  
-0.913687  -10.741600  
-0.348091  -10.741600  
0.217506  -10.741600  
0.783103  -10.741600  
1.348700  -10.741600  
1.914300  -10.741600  
2.479890  -10.741600  
3.045490  -10.741600  
3.611090  -10.741600  
4.176680  -10.741600  
4.742280  -10.741600  
5.307880  -10.741600  
5.873470  -10.741600  
6.439070  -10.741600  
7.004670  -10.741600  
7.570260  -10.741600  
8.135860  -10.741600  
8.701460  -10.741600  
9.267060  -10.741600  
9.832650  -10.741600  
-14.488000  -11.307200  
-13.922400  -11.307200  
-13.356800  -11.307200  
-12.791200  -11.307200  
-12.225600  -11.307200  
-11.660000  -11.307200  
-11.094400  -11.307200  
-10.528800  -11.307200  
-9.963240  -11.307200  
-9.397640  -11.307200  
-8.832040  -11.307200  
-8.266450  -11.307200  
-7.700850  -11.307200  
-7.135250  -11.307200  
-6.569660  -11.307200  
-6.004060  -11.307200  
-5.438460  -11.307200  
-4.872870  -11.307200  
-4.307270  -11.307200  
-3.741670  -11.307200  
-3.176070  -11.307200  
-2.610480  -11.307200  
-2.044880  -11.307200  
-1.479280  -11.307200  
-0.913687  -11.307200  
-0.348091  -11.307200  
0.217506  -11.307200  
0.783103  -11.307200  
1.348700  -11.307200  
1.914300  -11.307200  
2.479890  -11.307200  
3.045490  -11.307200  
3.611090  -11.307200  
4.176680  -11.307200  
4.742280  -11.307200  
5.307880  -11.307200  
5.873470  -11.307200  
6.439070  -11.307200  
7.004670  -11.307200  
7.570260  -11.307200  
8.135860  -11.307200  
8.701460  -11.307200  
9.267060  -11.307200  
9.832650  -11.307200  
-14.488000  -11.872800  
-13.922400  -11.872800  
-13.356800  -11.872800  
-12.791200  -11.872800  
-12.225600  -11.872800  
-11.660000  -11.872800  
-11.094400  -11.872800  
-10.528800  -11.872800  
-9.963240  -11.872800  
-9.397640  -11.872800  
-8.832040  -11.872800  
-8.266450  -11.872800  
-7.700850  -11.872800  
-7.135250  -11.872800  
-6.569660  -11.872800  
-6.004060  -11.872800  
-5.438460  -11.872800  
-4.872870  -11.872800  
-4.307270  -11.872800  
-3.741670  -11.872800  
-3.176070  -11.872800  
-2.610480  -11.872800  
-2.044880  -11.872800  
-1.479280  -11.872800  
-0.913687  -11.872800  
-0.348091  -11.872800  
0.217506  -11.872800  
0.783103  -11.872800  
1.348700  -11.872800  
1.914300  -11.872800  
2.479890  -11.872800  
3.045490  -11.872800  
3.611090  -11.872800  
4.176680  -11.872800  
4.742280  -11.872800  
5.307880  -11.872800  
5.873470  -11.872800  
6.439070  -11.872800  
7.004670  -11.872800  
7.570260  -11.872800  
8.135860  -11.872800  
8.701460  -11.872800  
9.267060  -11.872800  
9.832650  -11.872800  
-14.488000  -12.438400  
-13.922400  -12.438400  
-13.356800  -12.438400  
-12.791200  -12.438400  
-12.225600  -12.438400  
-11.660000  -12.438400  
-11.094400  -12.438400  
-10.528800  -12.438400  
-9.963240  -12.438400  
-9.397640  -12.438400  
-8.832040  -12.438400  
-8.266450  -12.438400  
-7.700850  -12.438400  
-7.135250  -12.438400  
-6.569660  -12.438400  
-6.004060  -12.438400  
-5.438460  -12.438400  
-4.872870  -12.438400  
-4.307270  -12.438400  
-3.741670  -12.438400  
-3.176070  -12.438400  
-2.610480  -12.438400  
-2.044880  -12.438400  
-1.479280  -12.438400  
-0.913687  -12.438400  
-0.348091  -12.438400  
0.217506  -12.438400  
0.783103  -12.438400  
1.348700  -12.438400  
1.914300  -12.438400  
2.479890  -12.438400  
3.045490  -12.438400  
3.611090  -12.438400  
4.176680  -12.438400  
4.742280  -12.438400  
5.307880  -12.438400  
5.873470  -12.438400  
6.439070  -12.438400  
7.004670  -12.438400  
7.570260  -12.438400  
8.135860  -12.438400  
8.701460  -12.438400  
9.267060  -12.438400  
9.832650  -12.438400  
-14.488000  -13.004000  
-13.922400  -13.004000  
-13.356800  -13.004000  
-12.791200  -13.004000  
-12.225600  -13.004000  
-11.660000  -13.004000  
-11.094400  -13.004000  
-10.528800  -13.004000  
-9.963240  -13.004000  
-9.397640  -13.004000  
-8.832040  -13.004000  
-8.266450  -13.004000  
-7.700850  -13.004000  
-7.135250  -13.004000  
-6.569660  -13.004000  
-6.004060  -13.004000  
-5.438460  -13.004000  
-4.872870  -13.004000  
-4.307270  -13.004000  
-3.741670  -13.004000  
-3.176070  -13.004000  
-2.610480  -13.004000  
-2.044880  -13.004000  
-1.479280  -13.004000  
-0.913687  -13.004000  
-0.348091  -13.004000  
0.217506  -13.004000  
0.783103  -13.004000  
1.348700  -13.004000  
1.914300  -13.004000  
2.479890  -13.004000  
3.045490  -13.004000  
3.611090  -13.004000  
4.176680  -13.004000  
4.742280  -13.004000  
5.307880  -13.004000  
5.873470  -13.004000  
6.439070  -13.004000  
7.004670  -13.004000  
7.570260  -13.004000  
8.135860  -13.004000  
8.701460  -13.004000  
9.267060  -13.004000  
9.832650  -13.004000  
-14.488000  -13.569600  
-13.922400  -13.569600  
-13.356800  -13.569600  
-12.791200  -13.569600  
-12.225600  -13.569600  
-11.660000  -13.569600  
-11.094400  -13.569600  
-10.528800  -13.569600  
-9.963240  -13.569600  
-9.397640  -13.569600  
-8.832040  -13.569600  
-8.266450  -13.569600  
-7.700850  -13.569600  
-7.135250  -13.569600  
-6.569660  -13.569600  
-6.004060  -13.569600  
-5.438460  -13.569600  
-4.872870  -13.569600  
-4.307270  -13.569600  
-3.741670  -13.569600  
-3.176070  -13.569600  
-2.610480  -13.569600  
-2.044880  -13.569600  
-1.479280  -13.569600  
-0.913687  -13.569600  
-0.348091  -13.569600  
0.217506  -13.569600  
0.783103  -13.569600  
1.348700  -13.569600  
1.914300  -13.569600  
2.479890  -13.569600  
3.045490  -13.569600  
3.611090  -13.569600  
4.176680  -13.569600  
4.742280  -13.569600  
5.307880  -13.569600  
5.873470  -13.569600  
6.439070  -13.569600  
7.004670  -13.569600  
7.570260  -13.569600  
8.135860  -13.569600  
8.701460  -13.569600  
9.267060  -13.569600  
9.832650  -13.569600  
-14.488000  -14.135200  
-13.922400  -14.135200  
-13.356800  -14.135200  
-12.791200  -14.135200  
-12.225600  -14.135200  
-11.660000  -14.135200  
-11.094400  -14.135200  
-10.528800  -14.135200  
-9.963240  -14.135200  
-9.397640  -14.135200  
-8.832040  -14.135200  
-8.266450  -14.135200  
-7.700850  -14.135200  
-7.135250  -14.135200  
-6.569660  -14.135200  
-6.004060  -14.135200  
-5.438460  -14.135200  
-4.872870  -14.135200  
-4.307270  -14.135200  
-3.741670  -14.135200  
-3.176070  -14.135200  
-2.610480  -14.135200  
-2.044880  -14.135200  
-1.479280  -14.135200  
-0.913687  -14.135200  
-0.348091  -14.135200  
0.217506  -14.135200  
0.783103  -14.135200  
1.348700  -14.135200  
1.914300  -14.135200  
2.479890  -14.135200  
3.045490  -14.135200  
3.611090  -14.135200  
4.176680  -14.135200  
4.742280  -14.135200  
5.307880  -14.135200  
5.873470  -14.135200  
6.439070  -14.135200  
7.004670  -14.135200  
7.570260  -14.135200  
8.135860  -14.135200  
8.701460  -14.135200  
9.267060  -14.135200  
9.832650  -14.135200  
-14.488000  -14.700800  
-13.922400  -14.700800  
-13.356800  -14.700800  
-12.791200  -14.700800  
-12.225600  -14.700800  
-11.660000  -14.700800  
-11.094400  -14.700800  
-10.528800  -14.700800  
-9.963240  -14.700800  
-9.397640  -14.700800  
-8.832040  -14.700800  
-8.266450  -14.700800  
-7.700850  -14.700800  
-7.135250  -14.700800  
-6.569660  -14.700800  
-6.004060  -14.700800  
-5.438460  -14.700800  
-4.872870  -14.700800  
-4.307270  -14.700800  
-3.741670  -14.700800  
-3.176070  -14.700800  
-2.610480  -14.700800  
-2.044880  -14.700800  
-1.479280  -14.700800  
-0.913687  -14.700800  
-0.348091  -14.700800  
0.217506  -14.700800  
0.783103  -14.700800  
1.348700  -14.700800  
1.914300  -14.700800  
2.479890  -14.700800  
3.045490  -14.700800  
3.611090  -14.700800  
4.176680  -14.700800  
4.742280  -14.700800  
5.307880  -14.700800  
5.873470  -14.700800  
6.439070  -14.700800  
7.004670  -14.700800  
7.570260  -14.700800  
8.135860  -14.700800  
8.701460  -14.700800  
9.267060  -14.700800  
9.832650  -14.700800  
